time,u,y
0.000000000000000000e+00,2.900000000000000000e+02,3.126562010267355731e+02
1.001001001001001062e-01,2.900000000000000000e+02,3.125005751345825615e+02
2.002002002002002123e-01,2.900000000000000000e+02,3.126299615321100305e+02
3.003003003003003046e-01,2.900000000000000000e+02,3.127452971560605874e+02
4.004004004004004247e-01,2.900000000000000000e+02,3.126061161454470039e+02
5.005005005005005447e-01,2.900000000000000000e+02,3.126069327853778077e+02
6.006006006006006093e-01,2.900000000000000000e+02,3.128318714491881565e+02
7.007007007007007848e-01,2.900000000000000000e+02,3.129132450266535557e+02
8.008008008008008494e-01,2.900000000000000000e+02,3.129590728031649292e+02
9.009009009009009139e-01,2.900000000000000000e+02,3.129173833313291198e+02
1.001001001001001089e+00,2.900000000000000000e+02,3.128484556541406505e+02
1.101101101101101154e+00,2.900000000000000000e+02,3.127067255224125120e+02
1.201201201201201219e+00,2.900000000000000000e+02,3.126810449762636495e+02
1.301301301301301283e+00,2.900000000000000000e+02,3.126063944656953595e+02
1.401401401401401570e+00,2.900000000000000000e+02,3.126312956553325080e+02
1.501501501501501634e+00,2.900000000000000000e+02,3.126580505494505928e+02
1.601601601601601699e+00,2.900000000000000000e+02,3.127885851189234359e+02
1.701701701701701763e+00,2.900000000000000000e+02,3.127505279144606902e+02
1.801801801801801828e+00,2.900000000000000000e+02,3.127929077866122611e+02
1.901901901901902114e+00,2.900000000000000000e+02,3.127256120619470039e+02
2.002002002002002179e+00,2.900000000000000000e+02,3.127229167535728038e+02
2.102102102102102243e+00,2.900000000000000000e+02,3.129004602192836728e+02
2.202202202202202308e+00,2.900000000000000000e+02,3.129436702020799999e+02
2.302302302302302373e+00,2.900000000000000000e+02,3.127422810574815912e+02
2.402402402402402437e+00,2.900000000000000000e+02,3.127240103374600153e+02
2.502502502502502502e+00,2.900000000000000000e+02,3.127698036326569877e+02
2.602602602602602566e+00,2.900000000000000000e+02,3.126868178592189906e+02
2.702702702702703075e+00,2.900000000000000000e+02,3.126478030284075089e+02
2.802802802802803139e+00,2.900000000000000000e+02,3.126770508898894150e+02
2.902902902902903204e+00,2.900000000000000000e+02,3.126404486125097151e+02
3.003003003003003268e+00,2.900000000000000000e+02,3.127960888736653828e+02
3.103103103103103333e+00,2.900000000000000000e+02,3.127083779588618313e+02
3.203203203203203397e+00,2.900000000000000000e+02,3.127810505243952548e+02
3.303303303303303462e+00,2.900000000000000000e+02,3.127638730163342302e+02
3.403403403403403527e+00,2.900000000000000000e+02,3.128537807982431218e+02
3.503503503503503591e+00,2.900000000000000000e+02,3.128056599880251269e+02
3.603603603603603656e+00,2.900000000000000000e+02,3.128650471055522644e+02
3.703703703703703720e+00,2.900000000000000000e+02,3.129597529296100333e+02
3.803803803803804229e+00,2.900000000000000000e+02,3.128572854734642306e+02
3.903903903903904293e+00,2.900000000000000000e+02,3.128638599588492184e+02
4.004004004004004358e+00,2.900000000000000000e+02,3.127146556649568083e+02
4.104104104104104422e+00,2.900000000000000000e+02,3.127725865413025303e+02
4.204204204204204487e+00,2.900000000000000000e+02,3.128165679831958528e+02
4.304304304304304551e+00,2.900000000000000000e+02,3.128443420173217078e+02
4.404404404404404616e+00,2.900000000000000000e+02,3.128205913460597003e+02
4.504504504504504681e+00,2.900000000000000000e+02,3.127264071341870704e+02
4.604604604604604745e+00,2.900000000000000000e+02,3.128289251285365822e+02
4.704704704704704810e+00,2.900000000000000000e+02,3.128614790575558686e+02
4.804804804804804874e+00,2.900000000000000000e+02,3.127867350775865702e+02
4.904904904904904939e+00,2.900000000000000000e+02,3.126667085186248300e+02
5.005005005005005003e+00,2.900000000000000000e+02,3.127934508829645210e+02
5.105105105105105068e+00,2.900000000000000000e+02,3.127230356859417384e+02
5.205205205205205132e+00,2.900000000000000000e+02,3.125707126112749847e+02
5.305305305305305197e+00,2.900000000000000000e+02,3.124425268892581471e+02
5.405405405405406150e+00,2.900000000000000000e+02,3.123558525680531375e+02
5.505505505505506214e+00,2.900000000000000000e+02,3.124220380653211464e+02
5.605605605605606279e+00,2.900000000000000000e+02,3.123349468248285916e+02
5.705705705705706343e+00,2.900000000000000000e+02,3.123176185805720593e+02
5.805805805805806408e+00,2.900000000000000000e+02,3.124270769515855477e+02
5.905905905905906472e+00,2.900000000000000000e+02,3.124551624666966632e+02
6.006006006006006537e+00,2.900000000000000000e+02,3.126166568052728962e+02
6.106106106106106601e+00,2.900000000000000000e+02,3.127246282374428006e+02
6.206206206206206666e+00,2.900000000000000000e+02,3.128249672085216844e+02
6.306306306306306730e+00,2.900000000000000000e+02,3.129918487951077282e+02
6.406406406406406795e+00,2.900000000000000000e+02,3.128505782814637541e+02
6.506506506506506859e+00,2.900000000000000000e+02,3.128185506243350460e+02
6.606606606606606924e+00,2.900000000000000000e+02,3.127571425276526043e+02
6.706706706706706989e+00,2.900000000000000000e+02,3.128191484569987324e+02
6.806806806806807053e+00,2.900000000000000000e+02,3.127762067331145204e+02
6.906906906906907118e+00,2.900000000000000000e+02,3.129035000391445465e+02
7.007007007007007182e+00,2.900000000000000000e+02,3.128428633876793015e+02
7.107107107107107247e+00,2.900000000000000000e+02,3.127488324179424808e+02
7.207207207207207311e+00,2.900000000000000000e+02,3.126341996814298909e+02
7.307307307307307376e+00,2.900000000000000000e+02,3.125974820149425568e+02
7.407407407407407440e+00,2.900000000000000000e+02,3.126509966717076736e+02
7.507507507507508393e+00,2.900000000000000000e+02,3.127811218923370120e+02
7.607607607607608458e+00,2.900000000000000000e+02,3.127332561070811039e+02
7.707707707707708522e+00,2.900000000000000000e+02,3.126052811577727653e+02
7.807807807807808587e+00,2.900000000000000000e+02,3.125564162999005475e+02
7.907907907907908651e+00,2.900000000000000000e+02,3.125494782622540129e+02
8.008008008008008716e+00,2.900000000000000000e+02,3.125331790530532317e+02
8.108108108108108780e+00,2.900000000000000000e+02,3.126357062754372578e+02
8.208208208208208845e+00,2.900000000000000000e+02,3.126536199100173121e+02
8.308308308308308909e+00,2.900000000000000000e+02,3.124982056144217495e+02
8.408408408408408974e+00,2.900000000000000000e+02,3.124944614411206771e+02
8.508508508508509038e+00,2.900000000000000000e+02,3.125362609918640260e+02
8.608608608608609103e+00,2.900000000000000000e+02,3.125257442504283176e+02
8.708708708708709167e+00,2.900000000000000000e+02,3.124548744952618904e+02
8.808808808808809232e+00,2.900000000000000000e+02,3.125249773837969087e+02
8.908908908908909297e+00,2.900000000000000000e+02,3.125062890225884189e+02
9.009009009009009361e+00,2.900000000000000000e+02,3.125327127909454816e+02
9.109109109109109426e+00,2.900000000000000000e+02,3.125383077724964096e+02
9.209209209209209490e+00,2.900000000000000000e+02,3.125809574545567671e+02
9.309309309309309555e+00,2.900000000000000000e+02,3.124619866233643393e+02
9.409409409409409619e+00,2.900000000000000000e+02,3.125078711302052170e+02
9.509509509509509684e+00,2.900000000000000000e+02,3.124554265015374881e+02
9.609609609609609748e+00,2.900000000000000000e+02,3.124636709364042986e+02
9.709709709709709813e+00,2.900000000000000000e+02,3.125925769451851011e+02
9.809809809809809877e+00,2.900000000000000000e+02,3.125592787804478121e+02
9.909909909909909942e+00,2.900000000000000000e+02,3.125666527688743486e+02
1.001001001001001001e+01,2.900000000000000000e+02,3.124257547248819264e+02
1.011011011011011007e+01,2.900000000000000000e+02,3.126727588661415780e+02
1.021021021021021014e+01,2.900000000000000000e+02,3.125581923252236152e+02
1.031031031031031020e+01,2.900000000000000000e+02,3.126612291277347708e+02
1.041041041041041026e+01,2.900000000000000000e+02,3.126868392590160397e+02
1.051051051051051033e+01,2.900000000000000000e+02,3.127316770690590033e+02
1.061061061061061039e+01,2.900000000000000000e+02,3.127924521620396376e+02
1.071071071071071223e+01,2.900000000000000000e+02,3.127922698571654223e+02
1.081081081081081230e+01,2.900000000000000000e+02,3.126826908131764071e+02
1.091091091091091236e+01,2.900000000000000000e+02,3.126363560290394616e+02
1.101101101101101243e+01,2.900000000000000000e+02,3.125364529020256441e+02
1.111111111111111249e+01,2.900000000000000000e+02,3.125042214500407454e+02
1.121121121121121256e+01,2.900000000000000000e+02,3.125504946250292164e+02
1.131131131131131262e+01,2.900000000000000000e+02,3.125525731409500168e+02
1.141141141141141269e+01,2.900000000000000000e+02,3.124560683909348313e+02
1.151151151151151275e+01,2.900000000000000000e+02,3.125503798435025828e+02
1.161161161161161282e+01,2.900000000000000000e+02,3.124273457596814865e+02
1.171171171171171288e+01,2.900000000000000000e+02,3.124113023732803072e+02
1.181181181181181294e+01,2.900000000000000000e+02,3.124219480633802846e+02
1.191191191191191301e+01,2.900000000000000000e+02,3.125277076135966468e+02
1.201201201201201307e+01,2.900000000000000000e+02,3.125757724560381803e+02
1.211211211211211314e+01,2.900000000000000000e+02,3.126815879993074532e+02
1.221221221221221320e+01,2.900000000000000000e+02,3.126986851171558328e+02
1.231231231231231327e+01,2.900000000000000000e+02,3.127431719644722534e+02
1.241241241241241333e+01,2.900000000000000000e+02,3.127307988904779563e+02
1.251251251251251340e+01,2.900000000000000000e+02,3.128692001196042725e+02
1.261261261261261346e+01,2.900000000000000000e+02,3.127495672467167651e+02
1.271271271271271353e+01,2.900000000000000000e+02,3.127821959038067234e+02
1.281281281281281359e+01,2.900000000000000000e+02,3.128246367580688911e+02
1.291291291291291365e+01,2.900000000000000000e+02,3.128459505647609262e+02
1.301301301301301372e+01,2.900000000000000000e+02,3.128110886186988751e+02
1.311311311311311378e+01,2.900000000000000000e+02,3.127513943349287047e+02
1.321321321321321385e+01,2.900000000000000000e+02,3.126357000956164711e+02
1.331331331331331391e+01,2.900000000000000000e+02,3.124856840756291945e+02
1.341341341341341398e+01,2.900000000000000000e+02,3.125630708971272043e+02
1.351351351351351404e+01,2.900000000000000000e+02,3.124936320207095832e+02
1.361361361361361411e+01,2.900000000000000000e+02,3.125932528332226639e+02
1.371371371371371417e+01,2.900000000000000000e+02,3.126873336051997398e+02
1.381381381381381424e+01,2.900000000000000000e+02,3.127512568358155249e+02
1.391391391391391430e+01,2.900000000000000000e+02,3.127180128370317220e+02
1.401401401401401436e+01,2.900000000000000000e+02,3.127157869225517288e+02
1.411411411411411443e+01,2.900000000000000000e+02,3.126495254490415618e+02
1.421421421421421449e+01,2.900000000000000000e+02,3.127122159203901788e+02
1.431431431431431456e+01,2.900000000000000000e+02,3.126311303939542086e+02
1.441441441441441462e+01,2.900000000000000000e+02,3.125528479147956773e+02
1.451451451451451469e+01,2.900000000000000000e+02,3.125101514203811348e+02
1.461461461461461475e+01,2.900000000000000000e+02,3.124038206878516917e+02
1.471471471471471482e+01,2.900000000000000000e+02,3.124966663889555889e+02
1.481481481481481488e+01,2.900000000000000000e+02,3.125511638686709261e+02
1.491491491491491495e+01,2.900000000000000000e+02,3.126257927056975063e+02
1.501501501501501679e+01,2.900000000000000000e+02,3.128034017746287532e+02
1.511511511511511685e+01,2.900000000000000000e+02,3.127990242892006449e+02
1.521521521521521692e+01,2.900000000000000000e+02,3.127501881229744640e+02
1.531531531531531698e+01,2.900000000000000000e+02,3.127950250581507703e+02
1.541541541541541704e+01,2.900000000000000000e+02,3.128158132716005753e+02
1.551551551551551711e+01,2.900000000000000000e+02,3.129057018870219053e+02
1.561561561561561717e+01,2.900000000000000000e+02,3.129812651661464429e+02
1.571571571571571724e+01,2.900000000000000000e+02,3.130429677970792000e+02
1.581581581581581730e+01,2.900000000000000000e+02,3.130912593561328663e+02
1.591591591591591737e+01,2.900000000000000000e+02,3.129637031898886903e+02
1.601601601601601743e+01,2.900000000000000000e+02,3.129257013539488526e+02
1.611611611611611750e+01,2.900000000000000000e+02,3.129432858802931037e+02
1.621621621621621756e+01,2.900000000000000000e+02,3.128675823860442051e+02
1.631631631631631763e+01,2.900000000000000000e+02,3.128315255767383860e+02
1.641641641641641769e+01,2.900000000000000000e+02,3.126614928034594527e+02
1.651651651651651775e+01,2.900000000000000000e+02,3.125364519549946181e+02
1.661661661661661782e+01,2.900000000000000000e+02,3.126196819059588847e+02
1.671671671671671788e+01,2.900000000000000000e+02,3.125734926855583353e+02
1.681681681681681795e+01,2.900000000000000000e+02,3.124628691443017487e+02
1.691691691691691801e+01,2.900000000000000000e+02,3.124067151222644156e+02
1.701701701701701808e+01,2.900000000000000000e+02,3.124798210980570730e+02
1.711711711711711814e+01,2.900000000000000000e+02,3.125089942399230836e+02
1.721721721721721821e+01,2.900000000000000000e+02,3.125769280568391082e+02
1.731731731731731827e+01,2.900000000000000000e+02,3.125669614813962767e+02
1.741741741741741833e+01,2.900000000000000000e+02,3.126668426031429249e+02
1.751751751751751840e+01,2.900000000000000000e+02,3.128197439744241137e+02
1.761761761761761846e+01,2.900000000000000000e+02,3.128047351142138837e+02
1.771771771771771853e+01,2.900000000000000000e+02,3.127961155481631863e+02
1.781781781781781859e+01,2.900000000000000000e+02,3.127863983750918351e+02
1.791791791791791866e+01,2.900000000000000000e+02,3.127373653456307920e+02
1.801801801801801872e+01,2.900000000000000000e+02,3.127314210798356839e+02
1.811811811811811879e+01,2.900000000000000000e+02,3.127722611376934765e+02
1.821821821821821885e+01,2.900000000000000000e+02,3.127977056529281867e+02
1.831831831831831892e+01,2.900000000000000000e+02,3.127850460290719639e+02
1.841841841841841898e+01,2.900000000000000000e+02,3.128005105530246510e+02
1.851851851851851904e+01,2.900000000000000000e+02,3.128438778303643062e+02
1.861861861861861911e+01,2.900000000000000000e+02,3.128523028176790604e+02
1.871871871871871917e+01,2.900000000000000000e+02,3.128285176711981990e+02
1.881881881881881924e+01,2.900000000000000000e+02,3.127476634327023817e+02
1.891891891891891930e+01,2.900000000000000000e+02,3.129194512294971560e+02
1.901901901901901937e+01,2.900000000000000000e+02,3.128370940440457275e+02
1.911911911911911943e+01,2.900000000000000000e+02,3.128059321824774770e+02
1.921921921921921950e+01,2.900000000000000000e+02,3.127033859043919506e+02
1.931931931931931956e+01,2.900000000000000000e+02,3.126529656421922141e+02
1.941941941941941963e+01,2.900000000000000000e+02,3.127135067399355535e+02
1.951951951951951969e+01,2.900000000000000000e+02,3.126872128370826545e+02
1.961961961961961975e+01,2.900000000000000000e+02,3.127299398831701751e+02
1.971971971971971982e+01,2.900000000000000000e+02,3.126525439790014502e+02
1.981981981981981988e+01,2.900000000000000000e+02,3.126314643409465361e+02
1.991991991991991995e+01,2.900000000000000000e+02,3.127012871715160713e+02
2.002002002002002001e+01,2.900000000000000000e+02,3.126567567117028830e+02
2.012012012012012008e+01,2.900000000000000000e+02,3.125761413102944744e+02
2.022022022022022014e+01,2.900000000000000000e+02,3.126367725579070793e+02
2.032032032032032021e+01,2.900000000000000000e+02,3.125627165419439280e+02
2.042042042042042027e+01,2.900000000000000000e+02,3.125051341927937756e+02
2.052052052052052034e+01,2.900000000000000000e+02,3.124990527122848789e+02
2.062062062062062040e+01,2.900000000000000000e+02,3.125990557688196532e+02
2.072072072072072046e+01,2.900000000000000000e+02,3.124299667481091092e+02
2.082082082082082053e+01,2.900000000000000000e+02,3.125250068364006779e+02
2.092092092092092059e+01,2.900000000000000000e+02,3.126094558575127849e+02
2.102102102102102066e+01,2.900000000000000000e+02,3.124036733966346446e+02
2.112112112112112072e+01,2.900000000000000000e+02,3.123903796991352806e+02
2.122122122122122079e+01,2.900000000000000000e+02,3.125393086152440674e+02
2.132132132132132085e+01,2.900000000000000000e+02,3.126078638725032874e+02
2.142142142142142447e+01,2.900000000000000000e+02,3.124391188474957630e+02
2.152152152152152453e+01,2.900000000000000000e+02,3.123642772874915181e+02
2.162162162162162460e+01,2.900000000000000000e+02,3.124742811195595777e+02
2.172172172172172466e+01,2.900000000000000000e+02,3.125914102337234795e+02
2.182182182182182473e+01,2.900000000000000000e+02,3.125781205777465743e+02
2.192192192192192479e+01,2.900000000000000000e+02,3.125897948145490091e+02
2.202202202202202486e+01,2.900000000000000000e+02,3.127732238004482497e+02
2.212212212212212492e+01,2.900000000000000000e+02,3.126447378757047773e+02
2.222222222222222499e+01,2.900000000000000000e+02,3.126694278422334037e+02
2.232232232232232505e+01,2.900000000000000000e+02,3.125760596217683087e+02
2.242242242242242511e+01,2.900000000000000000e+02,3.126680914940160392e+02
2.252252252252252518e+01,2.900000000000000000e+02,3.127566145425454351e+02
2.262262262262262524e+01,2.900000000000000000e+02,3.128822001936594575e+02
2.272272272272272531e+01,2.900000000000000000e+02,3.127237143828168087e+02
2.282282282282282537e+01,2.900000000000000000e+02,3.128374306680316295e+02
2.292292292292292544e+01,2.900000000000000000e+02,3.127450628854509205e+02
2.302302302302302550e+01,2.900000000000000000e+02,3.127171554848266624e+02
2.312312312312312557e+01,2.900000000000000000e+02,3.127388706522349935e+02
2.322322322322322563e+01,2.900000000000000000e+02,3.125739432970886469e+02
2.332332332332332570e+01,2.900000000000000000e+02,3.125274241221883358e+02
2.342342342342342576e+01,2.900000000000000000e+02,3.126465096253159004e+02
2.352352352352352582e+01,2.900000000000000000e+02,3.126915379519748512e+02
2.362362362362362589e+01,2.900000000000000000e+02,3.125802176508344132e+02
2.372372372372372595e+01,2.900000000000000000e+02,3.124636719532786060e+02
2.382382382382382602e+01,2.900000000000000000e+02,3.124693532459193079e+02
2.392392392392392608e+01,2.900000000000000000e+02,3.125117676950710575e+02
2.402402402402402615e+01,2.900000000000000000e+02,3.126137003457890842e+02
2.412412412412412621e+01,2.900000000000000000e+02,3.126766877310543578e+02
2.422422422422422628e+01,2.900000000000000000e+02,3.128835856522002246e+02
2.432432432432432634e+01,2.900000000000000000e+02,3.128622254585549740e+02
2.442442442442442641e+01,2.900000000000000000e+02,3.128264451897505865e+02
2.452452452452452647e+01,2.900000000000000000e+02,3.127335654683739108e+02
2.462462462462462653e+01,2.900000000000000000e+02,3.128251959740810548e+02
2.472472472472472660e+01,2.900000000000000000e+02,3.127674217060697401e+02
2.482482482482482666e+01,2.900000000000000000e+02,3.127252471079822840e+02
2.492492492492492673e+01,2.900000000000000000e+02,3.126450407354247432e+02
2.502502502502502679e+01,2.930000000000000000e+02,3.133144267311249678e+02
2.512512512512512686e+01,2.930000000000000000e+02,3.137963291373566790e+02
2.522522522522522692e+01,2.930000000000000000e+02,3.140356810029326766e+02
2.532532532532532699e+01,2.930000000000000000e+02,3.143168912594480275e+02
2.542542542542542705e+01,2.930000000000000000e+02,3.146418998977190427e+02
2.552552552552552712e+01,2.930000000000000000e+02,3.148619133248052435e+02
2.562562562562562718e+01,2.930000000000000000e+02,3.150308276989271121e+02
2.572572572572572724e+01,2.930000000000000000e+02,3.150044284308559668e+02
2.582582582582582731e+01,2.930000000000000000e+02,3.150234452652690607e+02
2.592592592592592737e+01,2.930000000000000000e+02,3.152158069474671152e+02
2.602602602602602744e+01,2.930000000000000000e+02,3.151752325430185238e+02
2.612612612612612750e+01,2.930000000000000000e+02,3.153526171670421263e+02
2.622622622622622757e+01,2.930000000000000000e+02,3.154391850731113891e+02
2.632632632632632763e+01,2.930000000000000000e+02,3.155315958728235159e+02
2.642642642642642770e+01,2.930000000000000000e+02,3.155652709468850503e+02
2.652652652652652776e+01,2.930000000000000000e+02,3.154095381626321455e+02
2.662662662662662783e+01,2.930000000000000000e+02,3.155787517197736634e+02
2.672672672672672789e+01,2.930000000000000000e+02,3.154466759806874734e+02
2.682682682682682795e+01,2.930000000000000000e+02,3.154644636920860989e+02
2.692692692692692802e+01,2.930000000000000000e+02,3.154240954340215808e+02
2.702702702702702808e+01,2.930000000000000000e+02,3.153721142044404360e+02
2.712712712712712815e+01,2.930000000000000000e+02,3.152525612718438310e+02
2.722722722722722821e+01,2.930000000000000000e+02,3.152424429991541501e+02
2.732732732732732828e+01,2.930000000000000000e+02,3.152889346030858633e+02
2.742742742742742834e+01,2.930000000000000000e+02,3.154231093177331218e+02
2.752752752752752841e+01,2.930000000000000000e+02,3.155778720110463951e+02
2.762762762762762847e+01,2.930000000000000000e+02,3.156660292668827879e+02
2.772772772772772854e+01,2.930000000000000000e+02,3.156195921162774880e+02
2.782782782782782860e+01,2.930000000000000000e+02,3.156323459052132421e+02
2.792792792792792866e+01,2.930000000000000000e+02,3.155529310575480508e+02
2.802802802802802873e+01,2.930000000000000000e+02,3.156297704706609579e+02
2.812812812812812879e+01,2.930000000000000000e+02,3.154402671741178779e+02
2.822822822822822886e+01,2.930000000000000000e+02,3.155523400794744475e+02
2.832832832832832892e+01,2.930000000000000000e+02,3.155748005893624395e+02
2.842842842842842899e+01,2.930000000000000000e+02,3.155997085054224272e+02
2.852852852852852905e+01,2.930000000000000000e+02,3.156363058704149580e+02
2.862862862862862912e+01,2.930000000000000000e+02,3.156775946887966029e+02
2.872872872872872918e+01,2.930000000000000000e+02,3.157291689854902188e+02
2.882882882882882924e+01,2.930000000000000000e+02,3.158356071507126330e+02
2.892892892892892931e+01,2.930000000000000000e+02,3.157926528772114807e+02
2.902902902902902937e+01,2.930000000000000000e+02,3.157164232012698335e+02
2.912912912912912944e+01,2.930000000000000000e+02,3.155656545960970334e+02
2.922922922922922950e+01,2.930000000000000000e+02,3.156328075898751990e+02
2.932932932932932957e+01,2.930000000000000000e+02,3.156681243112335551e+02
2.942942942942942963e+01,2.930000000000000000e+02,3.156453832971715769e+02
2.952952952952952970e+01,2.930000000000000000e+02,3.156016854180759310e+02
2.962962962962962976e+01,2.930000000000000000e+02,3.157023505611119845e+02
2.972972972972972983e+01,2.930000000000000000e+02,3.156948195450027015e+02
2.982982982982982989e+01,2.930000000000000000e+02,3.158426519199924769e+02
2.992992992992993351e+01,2.930000000000000000e+02,3.158772682871876327e+02
3.003003003003003357e+01,2.930000000000000000e+02,3.158279113319090357e+02
3.013013013013013364e+01,2.930000000000000000e+02,3.158262330824042579e+02
3.023023023023023370e+01,2.930000000000000000e+02,3.159229699965566169e+02
3.033033033033033377e+01,2.930000000000000000e+02,3.157997449648571546e+02
3.043043043043043383e+01,2.930000000000000000e+02,3.156980489724181780e+02
3.053053053053053389e+01,2.930000000000000000e+02,3.155948135485669468e+02
3.063063063063063396e+01,2.930000000000000000e+02,3.157875155633180952e+02
3.073073073073073402e+01,2.930000000000000000e+02,3.157387339149110517e+02
3.083083083083083409e+01,2.930000000000000000e+02,3.158468492712433999e+02
3.093093093093093415e+01,2.930000000000000000e+02,3.158157859320355669e+02
3.103103103103103422e+01,2.930000000000000000e+02,3.157360093748187637e+02
3.113113113113113428e+01,2.930000000000000000e+02,3.157698981574497452e+02
3.123123123123123435e+01,2.930000000000000000e+02,3.158218644052465720e+02
3.133133133133133441e+01,2.930000000000000000e+02,3.157614657923314212e+02
3.143143143143143448e+01,2.930000000000000000e+02,3.157551207480681228e+02
3.153153153153153454e+01,2.930000000000000000e+02,3.157247649621255619e+02
3.163163163163163460e+01,2.930000000000000000e+02,3.158525797012814564e+02
3.173173173173173467e+01,2.930000000000000000e+02,3.158661169313324422e+02
3.183183183183183473e+01,2.930000000000000000e+02,3.160152199964501847e+02
3.193193193193193480e+01,2.930000000000000000e+02,3.160250939167215734e+02
3.203203203203203486e+01,2.930000000000000000e+02,3.157940331218362076e+02
3.213213213213213493e+01,2.930000000000000000e+02,3.156409828033696385e+02
3.223223223223223499e+01,2.930000000000000000e+02,3.156901488634639463e+02
3.233233233233233506e+01,2.930000000000000000e+02,3.157778868612707015e+02
3.243243243243243512e+01,2.930000000000000000e+02,3.158373183884871196e+02
3.253253253253253519e+01,2.930000000000000000e+02,3.158156014395181614e+02
3.263263263263263525e+01,2.930000000000000000e+02,3.158280086042639141e+02
3.273273273273273531e+01,2.930000000000000000e+02,3.157750074289496638e+02
3.283283283283283538e+01,2.930000000000000000e+02,3.157193335821845039e+02
3.293293293293293544e+01,2.930000000000000000e+02,3.157493992101768754e+02
3.303303303303303551e+01,2.930000000000000000e+02,3.157235522927786064e+02
3.313313313313313557e+01,2.930000000000000000e+02,3.156541262529656251e+02
3.323323323323323564e+01,2.930000000000000000e+02,3.157089233513288491e+02
3.333333333333333570e+01,2.930000000000000000e+02,3.157742382818101987e+02
3.343343343343343577e+01,2.930000000000000000e+02,3.156193401943721710e+02
3.353353353353353583e+01,2.930000000000000000e+02,3.156897157829335470e+02
3.363363363363363590e+01,2.930000000000000000e+02,3.155754947309632712e+02
3.373373373373373596e+01,2.930000000000000000e+02,3.154789379461078056e+02
3.383383383383383602e+01,2.930000000000000000e+02,3.154890219029912259e+02
3.393393393393393609e+01,2.930000000000000000e+02,3.154291975168013664e+02
3.403403403403403615e+01,2.930000000000000000e+02,3.155057540335208728e+02
3.413413413413413622e+01,2.930000000000000000e+02,3.155668124159314516e+02
3.423423423423423628e+01,2.930000000000000000e+02,3.156012283657979651e+02
3.433433433433433635e+01,2.930000000000000000e+02,3.158467307805584028e+02
3.443443443443443641e+01,2.930000000000000000e+02,3.157681925319470224e+02
3.453453453453453648e+01,2.930000000000000000e+02,3.157723358927449908e+02
3.463463463463463654e+01,2.930000000000000000e+02,3.158803300877090692e+02
3.473473473473473661e+01,2.930000000000000000e+02,3.158057589756229504e+02
3.483483483483483667e+01,2.930000000000000000e+02,3.156606854151270909e+02
3.493493493493493673e+01,2.930000000000000000e+02,3.155957373905343957e+02
3.503503503503503680e+01,2.930000000000000000e+02,3.156240714025125271e+02
3.513513513513513686e+01,2.930000000000000000e+02,3.155635358215649262e+02
3.523523523523523693e+01,2.930000000000000000e+02,3.155092284411866217e+02
3.533533533533533699e+01,2.930000000000000000e+02,3.153940094926971938e+02
3.543543543543543706e+01,2.930000000000000000e+02,3.152163663744508426e+02
3.553553553553553712e+01,2.930000000000000000e+02,3.152871927626723050e+02
3.563563563563563719e+01,2.930000000000000000e+02,3.153782413805654983e+02
3.573573573573573725e+01,2.930000000000000000e+02,3.154804953055282226e+02
3.583583583583583732e+01,2.930000000000000000e+02,3.154534806930715831e+02
3.593593593593593738e+01,2.930000000000000000e+02,3.157433782743290180e+02
3.603603603603603744e+01,2.930000000000000000e+02,3.157228759246156073e+02
3.613613613613613751e+01,2.930000000000000000e+02,3.158784480130117913e+02
3.623623623623623757e+01,2.930000000000000000e+02,3.157068898297820283e+02
3.633633633633633764e+01,2.930000000000000000e+02,3.155259886566713021e+02
3.643643643643643770e+01,2.930000000000000000e+02,3.154170159244300180e+02
3.653653653653653777e+01,2.930000000000000000e+02,3.154494591303746915e+02
3.663663663663663783e+01,2.930000000000000000e+02,3.155171301226276910e+02
3.673673673673673790e+01,2.930000000000000000e+02,3.154959640436626955e+02
3.683683683683683796e+01,2.930000000000000000e+02,3.155535039211601998e+02
3.693693693693693803e+01,2.930000000000000000e+02,3.153814726009036349e+02
3.703703703703703809e+01,2.930000000000000000e+02,3.153607366493175164e+02
3.713713713713713815e+01,2.930000000000000000e+02,3.154108865630488481e+02
3.723723723723723822e+01,2.930000000000000000e+02,3.154923571444772961e+02
3.733733733733733828e+01,2.930000000000000000e+02,3.153600351490437674e+02
3.743743743743743835e+01,2.930000000000000000e+02,3.153331203949035739e+02
3.753753753753753841e+01,2.930000000000000000e+02,3.154971015253757400e+02
3.763763763763763848e+01,2.930000000000000000e+02,3.155329371764644861e+02
3.773773773773773854e+01,2.930000000000000000e+02,3.156174839574259749e+02
3.783783783783783861e+01,2.930000000000000000e+02,3.154671195119630625e+02
3.793793793793793867e+01,2.930000000000000000e+02,3.155822735105631409e+02
3.803803803803803874e+01,2.930000000000000000e+02,3.157286325595281937e+02
3.813813813813813880e+01,2.930000000000000000e+02,3.156851096375913812e+02
3.823823823823823886e+01,2.930000000000000000e+02,3.155734294057223792e+02
3.833833833833833893e+01,2.930000000000000000e+02,3.155391304119181655e+02
3.843843843843843899e+01,2.930000000000000000e+02,3.156264687878256154e+02
3.853853853853853906e+01,2.930000000000000000e+02,3.154413574613796527e+02
3.863863863863863912e+01,2.930000000000000000e+02,3.155025174430738844e+02
3.873873873873873919e+01,2.930000000000000000e+02,3.155064186049755790e+02
3.883883883883883925e+01,2.930000000000000000e+02,3.153727127463828879e+02
3.893893893893893932e+01,2.930000000000000000e+02,3.154132064038241765e+02
3.903903903903903938e+01,2.930000000000000000e+02,3.152353606482025725e+02
3.913913913913913944e+01,2.930000000000000000e+02,3.154175722925699006e+02
3.923923923923923951e+01,2.930000000000000000e+02,3.154630734878480212e+02
3.933933933933933957e+01,2.930000000000000000e+02,3.155816269916703618e+02
3.943943943943943964e+01,2.930000000000000000e+02,3.157211373288972709e+02
3.953953953953953970e+01,2.930000000000000000e+02,3.156524149224250095e+02
3.963963963963963977e+01,2.930000000000000000e+02,3.155813698167279995e+02
3.973973973973973983e+01,2.930000000000000000e+02,3.155896896248752910e+02
3.983983983983983990e+01,2.930000000000000000e+02,3.156592620004008722e+02
3.993993993993993996e+01,2.930000000000000000e+02,3.155723462149142051e+02
4.004004004004004003e+01,2.930000000000000000e+02,3.156049206523591693e+02
4.014014014014014009e+01,2.930000000000000000e+02,3.155210897782292250e+02
4.024024024024024015e+01,2.930000000000000000e+02,3.155432703824349687e+02
4.034034034034034022e+01,2.930000000000000000e+02,3.156524969288992679e+02
4.044044044044044028e+01,2.930000000000000000e+02,3.155322970726252834e+02
4.054054054054054035e+01,2.930000000000000000e+02,3.155828237825497808e+02
4.064064064064064041e+01,2.930000000000000000e+02,3.157254539087572880e+02
4.074074074074074048e+01,2.930000000000000000e+02,3.156250341958519243e+02
4.084084084084084054e+01,2.930000000000000000e+02,3.156085169735375189e+02
4.094094094094094061e+01,2.930000000000000000e+02,3.157208046086575450e+02
4.104104104104104067e+01,2.930000000000000000e+02,3.157651101828136007e+02
4.114114114114114074e+01,2.930000000000000000e+02,3.155879086874835480e+02
4.124124124124124080e+01,2.930000000000000000e+02,3.155079876375444314e+02
4.134134134134134086e+01,2.930000000000000000e+02,3.155599070078041564e+02
4.144144144144144093e+01,2.930000000000000000e+02,3.155261077007928634e+02
4.154154154154154099e+01,2.930000000000000000e+02,3.154167257203018266e+02
4.164164164164164106e+01,2.930000000000000000e+02,3.155252293914338679e+02
4.174174174174174112e+01,2.930000000000000000e+02,3.156610207613007333e+02
4.184184184184184119e+01,2.930000000000000000e+02,3.157573718366243725e+02
4.194194194194194125e+01,2.930000000000000000e+02,3.157708224296051753e+02
4.204204204204204132e+01,2.930000000000000000e+02,3.158512717255678126e+02
4.214214214214214138e+01,2.930000000000000000e+02,3.158341966620810695e+02
4.224224224224224145e+01,2.930000000000000000e+02,3.158103519141164952e+02
4.234234234234234151e+01,2.930000000000000000e+02,3.158686363927162688e+02
4.244244244244244157e+01,2.930000000000000000e+02,3.158156307090079622e+02
4.254254254254254164e+01,2.930000000000000000e+02,3.157768228452349604e+02
4.264264264264264170e+01,2.930000000000000000e+02,3.158759082713187922e+02
4.274274274274274887e+01,2.930000000000000000e+02,3.159479151294759731e+02
4.284284284284284894e+01,2.930000000000000000e+02,3.157527257644475185e+02
4.294294294294294900e+01,2.930000000000000000e+02,3.156409009731470405e+02
4.304304304304304907e+01,2.930000000000000000e+02,3.155262791464401744e+02
4.314314314314314913e+01,2.930000000000000000e+02,3.154714079169208958e+02
4.324324324324324920e+01,2.930000000000000000e+02,3.156895627319701703e+02
4.334334334334334926e+01,2.930000000000000000e+02,3.156223364610767703e+02
4.344344344344344933e+01,2.930000000000000000e+02,3.154370917304934778e+02
4.354354354354354939e+01,2.930000000000000000e+02,3.154688535945921899e+02
4.364364364364364945e+01,2.930000000000000000e+02,3.154420144924532110e+02
4.374374374374374952e+01,2.930000000000000000e+02,3.156799043406941223e+02
4.384384384384384958e+01,2.930000000000000000e+02,3.156084046100850742e+02
4.394394394394394965e+01,2.930000000000000000e+02,3.157438490345598439e+02
4.404404404404404971e+01,2.930000000000000000e+02,3.155593717221836414e+02
4.414414414414414978e+01,2.930000000000000000e+02,3.155763946107893503e+02
4.424424424424424984e+01,2.930000000000000000e+02,3.157146649607730069e+02
4.434434434434434991e+01,2.930000000000000000e+02,3.156782294438489203e+02
4.444444444444444997e+01,2.930000000000000000e+02,3.155618077288322070e+02
4.454454454454455004e+01,2.930000000000000000e+02,3.156125874732929901e+02
4.464464464464465010e+01,2.930000000000000000e+02,3.157545544845492032e+02
4.474474474474475016e+01,2.930000000000000000e+02,3.156408496927986675e+02
4.484484484484485023e+01,2.930000000000000000e+02,3.155169714881366758e+02
4.494494494494495029e+01,2.930000000000000000e+02,3.155273241250291676e+02
4.504504504504505036e+01,2.930000000000000000e+02,3.154520444183351060e+02
4.514514514514515042e+01,2.930000000000000000e+02,3.154213213234575619e+02
4.524524524524525049e+01,2.930000000000000000e+02,3.155914065484917046e+02
4.534534534534535055e+01,2.930000000000000000e+02,3.156422875804483397e+02
4.544544544544545062e+01,2.930000000000000000e+02,3.157227151188142216e+02
4.554554554554555068e+01,2.930000000000000000e+02,3.157096991889675337e+02
4.564564564564565075e+01,2.930000000000000000e+02,3.157412229028468005e+02
4.574574574574575081e+01,2.930000000000000000e+02,3.157092896036566003e+02
4.584584584584585087e+01,2.930000000000000000e+02,3.154133478736434313e+02
4.594594594594595094e+01,2.930000000000000000e+02,3.155494701707096397e+02
4.604604604604605100e+01,2.930000000000000000e+02,3.154623290916705969e+02
4.614614614614615107e+01,2.930000000000000000e+02,3.154118439891200296e+02
4.624624624624625113e+01,2.930000000000000000e+02,3.154393289511256171e+02
4.634634634634635120e+01,2.930000000000000000e+02,3.155283178942891595e+02
4.644644644644645126e+01,2.930000000000000000e+02,3.155825066392014264e+02
4.654654654654655133e+01,2.930000000000000000e+02,3.155775261004814070e+02
4.664664664664665139e+01,2.930000000000000000e+02,3.155428954280771450e+02
4.674674674674675146e+01,2.930000000000000000e+02,3.155862336926594480e+02
4.684684684684685152e+01,2.930000000000000000e+02,3.154873807428322721e+02
4.694694694694695158e+01,2.930000000000000000e+02,3.154900340096274363e+02
4.704704704704705165e+01,2.930000000000000000e+02,3.156458117162457597e+02
4.714714714714715171e+01,2.930000000000000000e+02,3.156235937866153449e+02
4.724724724724725178e+01,2.930000000000000000e+02,3.156715971343035676e+02
4.734734734734735184e+01,2.930000000000000000e+02,3.154674978656501594e+02
4.744744744744745191e+01,2.930000000000000000e+02,3.155378065378659471e+02
4.754754754754755197e+01,2.930000000000000000e+02,3.156314615845679441e+02
4.764764764764765204e+01,2.930000000000000000e+02,3.156439011552393481e+02
4.774774774774775210e+01,2.930000000000000000e+02,3.156371698666350767e+02
4.784784784784785217e+01,2.930000000000000000e+02,3.157482225976753512e+02
4.794794794794795223e+01,2.930000000000000000e+02,3.157003721320832597e+02
4.804804804804805229e+01,2.930000000000000000e+02,3.157245814594683679e+02
4.814814814814815236e+01,2.930000000000000000e+02,3.158320330007120447e+02
4.824824824824825242e+01,2.930000000000000000e+02,3.159055290945065622e+02
4.834834834834835249e+01,2.930000000000000000e+02,3.159642090168545678e+02
4.844844844844845255e+01,2.930000000000000000e+02,3.159272438791387572e+02
4.854854854854855262e+01,2.930000000000000000e+02,3.159163864655180305e+02
4.864864864864865268e+01,2.930000000000000000e+02,3.159973598821095493e+02
4.874874874874875275e+01,2.930000000000000000e+02,3.159115647526431303e+02
4.884884884884885281e+01,2.930000000000000000e+02,3.158815005138645233e+02
4.894894894894895288e+01,2.930000000000000000e+02,3.158412160299599236e+02
4.904904904904905294e+01,2.930000000000000000e+02,3.157987081809428105e+02
4.914914914914915300e+01,2.930000000000000000e+02,3.157430935438866300e+02
4.924924924924925307e+01,2.930000000000000000e+02,3.156479612038547771e+02
4.934934934934935313e+01,2.930000000000000000e+02,3.156981506414336422e+02
4.944944944944945320e+01,2.930000000000000000e+02,3.156163137704369319e+02
4.954954954954955326e+01,2.930000000000000000e+02,3.157882282569862014e+02
4.964964964964965333e+01,2.930000000000000000e+02,3.158045674738823436e+02
4.974974974974975339e+01,2.930000000000000000e+02,3.158571660490155750e+02
4.984984984984985346e+01,2.930000000000000000e+02,3.158493578756031184e+02
4.994994994994995352e+01,2.930000000000000000e+02,3.157420420912982877e+02
5.005005005005005358e+01,2.960000000000000000e+02,3.163200355380950555e+02
5.015015015015015365e+01,2.960000000000000000e+02,3.166370958469643710e+02
5.025025025025025371e+01,2.960000000000000000e+02,3.170472784100614376e+02
5.035035035035035378e+01,2.960000000000000000e+02,3.173433210561930196e+02
5.045045045045045384e+01,2.960000000000000000e+02,3.175358439114862676e+02
5.055055055055055391e+01,2.960000000000000000e+02,3.178061053990848563e+02
5.065065065065065397e+01,2.960000000000000000e+02,3.179176985625520615e+02
5.075075075075075404e+01,2.960000000000000000e+02,3.180423800852290697e+02
5.085085085085085410e+01,2.960000000000000000e+02,3.182120637609216942e+02
5.095095095095095417e+01,2.960000000000000000e+02,3.183316333919017893e+02
5.105105105105105423e+01,2.960000000000000000e+02,3.183695298816073205e+02
5.115115115115115429e+01,2.960000000000000000e+02,3.184515675802910550e+02
5.125125125125125436e+01,2.960000000000000000e+02,3.184267575513719635e+02
5.135135135135135442e+01,2.960000000000000000e+02,3.184704396588152804e+02
5.145145145145145449e+01,2.960000000000000000e+02,3.186935122577325501e+02
5.155155155155155455e+01,2.960000000000000000e+02,3.186422659185457746e+02
5.165165165165165462e+01,2.960000000000000000e+02,3.186722317350091771e+02
5.175175175175175468e+01,2.960000000000000000e+02,3.185757682790559215e+02
5.185185185185185475e+01,2.960000000000000000e+02,3.185679847094826300e+02
5.195195195195195481e+01,2.960000000000000000e+02,3.187179667309359274e+02
5.205205205205205488e+01,2.960000000000000000e+02,3.187545961770453005e+02
5.215215215215215494e+01,2.960000000000000000e+02,3.186665229873348153e+02
5.225225225225225500e+01,2.960000000000000000e+02,3.187214483483783170e+02
5.235235235235235507e+01,2.960000000000000000e+02,3.187675210257881417e+02
5.245245245245245513e+01,2.960000000000000000e+02,3.186378634936617686e+02
5.255255255255255520e+01,2.960000000000000000e+02,3.186406785759864420e+02
5.265265265265265526e+01,2.960000000000000000e+02,3.186336683713133198e+02
5.275275275275275533e+01,2.960000000000000000e+02,3.187504680115489464e+02
5.285285285285285539e+01,2.960000000000000000e+02,3.190083156640229731e+02
5.295295295295295546e+01,2.960000000000000000e+02,3.190764993939350234e+02
5.305305305305305552e+01,2.960000000000000000e+02,3.190402558945601754e+02
5.315315315315315559e+01,2.960000000000000000e+02,3.189716589885612734e+02
5.325325325325325565e+01,2.960000000000000000e+02,3.189069997261070739e+02
5.335335335335335571e+01,2.960000000000000000e+02,3.189762125481743738e+02
5.345345345345345578e+01,2.960000000000000000e+02,3.190997508101469293e+02
5.355355355355355584e+01,2.960000000000000000e+02,3.191208480442076620e+02
5.365365365365365591e+01,2.960000000000000000e+02,3.192737563979804349e+02
5.375375375375375597e+01,2.960000000000000000e+02,3.191902092536454347e+02
5.385385385385385604e+01,2.960000000000000000e+02,3.189823227320194405e+02
5.395395395395395610e+01,2.960000000000000000e+02,3.189974616888833339e+02
5.405405405405405617e+01,2.960000000000000000e+02,3.189642249065369128e+02
5.415415415415415623e+01,2.960000000000000000e+02,3.190704300602653234e+02
5.425425425425425630e+01,2.960000000000000000e+02,3.190114825342269000e+02
5.435435435435435636e+01,2.960000000000000000e+02,3.188063825522536945e+02
5.445445445445445642e+01,2.960000000000000000e+02,3.186419226734948893e+02
5.455455455455455649e+01,2.960000000000000000e+02,3.186575385529117739e+02
5.465465465465465655e+01,2.960000000000000000e+02,3.186505699394921294e+02
5.475475475475475662e+01,2.960000000000000000e+02,3.185747517608594990e+02
5.485485485485485668e+01,2.960000000000000000e+02,3.187699749872130610e+02
5.495495495495495675e+01,2.960000000000000000e+02,3.188230314355295718e+02
5.505505505505505681e+01,2.960000000000000000e+02,3.187743994973812960e+02
5.515515515515515688e+01,2.960000000000000000e+02,3.187328133610902228e+02
5.525525525525525694e+01,2.960000000000000000e+02,3.185632343915453930e+02
5.535535535535535701e+01,2.960000000000000000e+02,3.185762138148224949e+02
5.545545545545545707e+01,2.960000000000000000e+02,3.185954688385065765e+02
5.555555555555555713e+01,2.960000000000000000e+02,3.186790277875026050e+02
5.565565565565565720e+01,2.960000000000000000e+02,3.186848461247331556e+02
5.575575575575575726e+01,2.960000000000000000e+02,3.186312391424264661e+02
5.585585585585585733e+01,2.960000000000000000e+02,3.185771825728637623e+02
5.595595595595595739e+01,2.960000000000000000e+02,3.185343948980520850e+02
5.605605605605605746e+01,2.960000000000000000e+02,3.184977819779259676e+02
5.615615615615615752e+01,2.960000000000000000e+02,3.184620397306007362e+02
5.625625625625625759e+01,2.960000000000000000e+02,3.185183127167036332e+02
5.635635635635635765e+01,2.960000000000000000e+02,3.184574672427839914e+02
5.645645645645645772e+01,2.960000000000000000e+02,3.184781007109395432e+02
5.655655655655655778e+01,2.960000000000000000e+02,3.186610210452931824e+02
5.665665665665665784e+01,2.960000000000000000e+02,3.187328779610833749e+02
5.675675675675675791e+01,2.960000000000000000e+02,3.188543756822487580e+02
5.685685685685685797e+01,2.960000000000000000e+02,3.188010137950647049e+02
5.695695695695695804e+01,2.960000000000000000e+02,3.187694672513272280e+02
5.705705705705705810e+01,2.960000000000000000e+02,3.186775302065917117e+02
5.715715715715715817e+01,2.960000000000000000e+02,3.188034648618711913e+02
5.725725725725725823e+01,2.960000000000000000e+02,3.187108080080643049e+02
5.735735735735735830e+01,2.960000000000000000e+02,3.188978115209605448e+02
5.745745745745745836e+01,2.960000000000000000e+02,3.187445094246892836e+02
5.755755755755755843e+01,2.960000000000000000e+02,3.187805099258517316e+02
5.765765765765765849e+01,2.960000000000000000e+02,3.188007406632514176e+02
5.775775775775775855e+01,2.960000000000000000e+02,3.187780881236975006e+02
5.785785785785785862e+01,2.960000000000000000e+02,3.189121775238886016e+02
5.795795795795795868e+01,2.960000000000000000e+02,3.186954192600375677e+02
5.805805805805805875e+01,2.960000000000000000e+02,3.188150810529562023e+02
5.815815815815815881e+01,2.960000000000000000e+02,3.187928360422000651e+02
5.825825825825825888e+01,2.960000000000000000e+02,3.186603841000325588e+02
5.835835835835835894e+01,2.960000000000000000e+02,3.187479757403644953e+02
5.845845845845845901e+01,2.960000000000000000e+02,3.187482856736488088e+02
5.855855855855855907e+01,2.960000000000000000e+02,3.186408334650403162e+02
5.865865865865865914e+01,2.960000000000000000e+02,3.185349256058592573e+02
5.875875875875875920e+01,2.960000000000000000e+02,3.185449768737342993e+02
5.885885885885885926e+01,2.960000000000000000e+02,3.186053949901905185e+02
5.895895895895895933e+01,2.960000000000000000e+02,3.186655354144124317e+02
5.905905905905905939e+01,2.960000000000000000e+02,3.187895306819453936e+02
5.915915915915915946e+01,2.960000000000000000e+02,3.186982516779665389e+02
5.925925925925925952e+01,2.960000000000000000e+02,3.187147497628376982e+02
5.935935935935935959e+01,2.960000000000000000e+02,3.187637791610843010e+02
5.945945945945945965e+01,2.960000000000000000e+02,3.187654503893767242e+02
5.955955955955955972e+01,2.960000000000000000e+02,3.188636206416641130e+02
5.965965965965965978e+01,2.960000000000000000e+02,3.189261368700349522e+02
5.975975975975975985e+01,2.960000000000000000e+02,3.188926005929637881e+02
5.985985985985986702e+01,2.960000000000000000e+02,3.190239706667052815e+02
5.995995995995996708e+01,2.960000000000000000e+02,3.191055444234485776e+02
6.006006006006006714e+01,2.960000000000000000e+02,3.190180334255886692e+02
6.016016016016016721e+01,2.960000000000000000e+02,3.190086450159167271e+02
6.026026026026026727e+01,2.960000000000000000e+02,3.191715441943238147e+02
6.036036036036036734e+01,2.960000000000000000e+02,3.191542024726702493e+02
6.046046046046046740e+01,2.960000000000000000e+02,3.191817521203873298e+02
6.056056056056056747e+01,2.960000000000000000e+02,3.192080305810341088e+02
6.066066066066066753e+01,2.960000000000000000e+02,3.190779490617805436e+02
6.076076076076076760e+01,2.960000000000000000e+02,3.189830778328887391e+02
6.086086086086086766e+01,2.960000000000000000e+02,3.190107579350236051e+02
6.096096096096096772e+01,2.960000000000000000e+02,3.190696464422680947e+02
6.106106106106106779e+01,2.960000000000000000e+02,3.191193644798149194e+02
6.116116116116116785e+01,2.960000000000000000e+02,3.190719046884887007e+02
6.126126126126126792e+01,2.960000000000000000e+02,3.188254703911127876e+02
6.136136136136136798e+01,2.960000000000000000e+02,3.187972598414066283e+02
6.146146146146146805e+01,2.960000000000000000e+02,3.186709694283306931e+02
6.156156156156156811e+01,2.960000000000000000e+02,3.187272005358521483e+02
6.166166166166166818e+01,2.960000000000000000e+02,3.188574626320377661e+02
6.176176176176176824e+01,2.960000000000000000e+02,3.187743921446341346e+02
6.186186186186186831e+01,2.960000000000000000e+02,3.186685200364918842e+02
6.196196196196196837e+01,2.960000000000000000e+02,3.186943206613271400e+02
6.206206206206206843e+01,2.960000000000000000e+02,3.187068593246560226e+02
6.216216216216216850e+01,2.960000000000000000e+02,3.186327343677269823e+02
6.226226226226226856e+01,2.960000000000000000e+02,3.187882488782693713e+02
6.236236236236236863e+01,2.960000000000000000e+02,3.189220965652452833e+02
6.246246246246246869e+01,2.960000000000000000e+02,3.188673505363493632e+02
6.256256256256256876e+01,2.960000000000000000e+02,3.188526879566502998e+02
6.266266266266266882e+01,2.960000000000000000e+02,3.187410890442391178e+02
6.276276276276276889e+01,2.960000000000000000e+02,3.187297930453216850e+02
6.286286286286286895e+01,2.960000000000000000e+02,3.186853378111400161e+02
6.296296296296296902e+01,2.960000000000000000e+02,3.185926024554386800e+02
6.306306306306306908e+01,2.960000000000000000e+02,3.187382865439029160e+02
6.316316316316316914e+01,2.960000000000000000e+02,3.187177142234872917e+02
6.326326326326326921e+01,2.960000000000000000e+02,3.187048599426212832e+02
6.336336336336336927e+01,2.960000000000000000e+02,3.188383009819591507e+02
6.346346346346346934e+01,2.960000000000000000e+02,3.188475425035228454e+02
6.356356356356356940e+01,2.960000000000000000e+02,3.188355016601474290e+02
6.366366366366366947e+01,2.960000000000000000e+02,3.189442724813514474e+02
6.376376376376376953e+01,2.960000000000000000e+02,3.191131940509255855e+02
6.386386386386386960e+01,2.960000000000000000e+02,3.190141815428022483e+02
6.396396396396396966e+01,2.960000000000000000e+02,3.189091356656225571e+02
6.406406406406406973e+01,2.960000000000000000e+02,3.188772340541183326e+02
6.416416416416416268e+01,2.960000000000000000e+02,3.188687346794018822e+02
6.426426426426426985e+01,2.960000000000000000e+02,3.188995655038170867e+02
6.436436436436436281e+01,2.960000000000000000e+02,3.187563819491137451e+02
6.446446446446446998e+01,2.960000000000000000e+02,3.188565652697861879e+02
6.456456456456456294e+01,2.960000000000000000e+02,3.188939809958821456e+02
6.466466466466467011e+01,2.960000000000000000e+02,3.187003569244437813e+02
6.476476476476476307e+01,2.960000000000000000e+02,3.187903625631655018e+02
6.486486486486487024e+01,2.960000000000000000e+02,3.188392143861765931e+02
6.496496496496496320e+01,2.960000000000000000e+02,3.188920212401153549e+02
6.506506506506507037e+01,2.960000000000000000e+02,3.187669271850034534e+02
6.516516516516516333e+01,2.960000000000000000e+02,3.187897188326155060e+02
6.526526526526527050e+01,2.960000000000000000e+02,3.187302672303862323e+02
6.536536536536536346e+01,2.960000000000000000e+02,3.189111525628810000e+02
6.546546546546547063e+01,2.960000000000000000e+02,3.188647778394339412e+02
6.556556556556556359e+01,2.960000000000000000e+02,3.188806588184853581e+02
6.566566566566567076e+01,2.960000000000000000e+02,3.188957177327542354e+02
6.576576576576576372e+01,2.960000000000000000e+02,3.189087108524539076e+02
6.586586586586587089e+01,2.960000000000000000e+02,3.187946339915010299e+02
6.596596596596596385e+01,2.960000000000000000e+02,3.188668934312638044e+02
6.606606606606607102e+01,2.960000000000000000e+02,3.188660267303659452e+02
6.616616616616616398e+01,2.960000000000000000e+02,3.189435952278631703e+02
6.626626626626627115e+01,2.960000000000000000e+02,3.189183898157304498e+02
6.636636636636636410e+01,2.960000000000000000e+02,3.190317024338195893e+02
6.646646646646647127e+01,2.960000000000000000e+02,3.188983785981583310e+02
6.656656656656656423e+01,2.960000000000000000e+02,3.190031369017299312e+02
6.666666666666667140e+01,2.960000000000000000e+02,3.190867437242426377e+02
6.676676676676676436e+01,2.960000000000000000e+02,3.189924563771472208e+02
6.686686686686687153e+01,2.960000000000000000e+02,3.190065132421467524e+02
6.696696696696696449e+01,2.960000000000000000e+02,3.190147744566867232e+02
6.706706706706707166e+01,2.960000000000000000e+02,3.191828041153410140e+02
6.716716716716716462e+01,2.960000000000000000e+02,3.190597916409216737e+02
6.726726726726727179e+01,2.960000000000000000e+02,3.190819687881942741e+02
6.736736736736736475e+01,2.960000000000000000e+02,3.190561054145641720e+02
6.746746746746747192e+01,2.960000000000000000e+02,3.189366240409256648e+02
6.756756756756756488e+01,2.960000000000000000e+02,3.189996760272350116e+02
6.766766766766767205e+01,2.960000000000000000e+02,3.191555364069386087e+02
6.776776776776776501e+01,2.960000000000000000e+02,3.193119434062083428e+02
6.786786786786787218e+01,2.960000000000000000e+02,3.191514070585064360e+02
6.796796796796796514e+01,2.960000000000000000e+02,3.192947692672971698e+02
6.806806806806807231e+01,2.960000000000000000e+02,3.190356958428384360e+02
6.816816816816816527e+01,2.960000000000000000e+02,3.190426185273315127e+02
6.826826826826827244e+01,2.960000000000000000e+02,3.190282913565446279e+02
6.836836836836837961e+01,2.960000000000000000e+02,3.188856233235143804e+02
6.846846846846847257e+01,2.960000000000000000e+02,3.189319546697078067e+02
6.856856856856857974e+01,2.960000000000000000e+02,3.189022782898617265e+02
6.866866866866867269e+01,2.960000000000000000e+02,3.187700053116237200e+02
6.876876876876877986e+01,2.960000000000000000e+02,3.186681195076832296e+02
6.886886886886887282e+01,2.960000000000000000e+02,3.186711396615087324e+02
6.896896896896897999e+01,2.960000000000000000e+02,3.185510525300117024e+02
6.906906906906907295e+01,2.960000000000000000e+02,3.186941700483847626e+02
6.916916916916918012e+01,2.960000000000000000e+02,3.187211440845119341e+02
6.926926926926927308e+01,2.960000000000000000e+02,3.186283361669507599e+02
6.936936936936938025e+01,2.960000000000000000e+02,3.186583402777532683e+02
6.946946946946947321e+01,2.960000000000000000e+02,3.187290278808557673e+02
6.956956956956958038e+01,2.960000000000000000e+02,3.188310808462449017e+02
6.966966966966967334e+01,2.960000000000000000e+02,3.187515774701524265e+02
6.976976976976978051e+01,2.960000000000000000e+02,3.188124164517972758e+02
6.986986986986987347e+01,2.960000000000000000e+02,3.188757707798540082e+02
6.996996996996998064e+01,2.960000000000000000e+02,3.188113715884070416e+02
7.007007007007007360e+01,2.960000000000000000e+02,3.188081861745238825e+02
7.017017017017018077e+01,2.960000000000000000e+02,3.188102298455286814e+02
7.027027027027027373e+01,2.960000000000000000e+02,3.188292664441014495e+02
7.037037037037038090e+01,2.960000000000000000e+02,3.189244230026826585e+02
7.047047047047047386e+01,2.960000000000000000e+02,3.189221432197535364e+02
7.057057057057058103e+01,2.960000000000000000e+02,3.188794507027376994e+02
7.067067067067067399e+01,2.960000000000000000e+02,3.190532552714573171e+02
7.077077077077078116e+01,2.960000000000000000e+02,3.188156335039190026e+02
7.087087087087087411e+01,2.960000000000000000e+02,3.188303340904840866e+02
7.097097097097098128e+01,2.960000000000000000e+02,3.188999516038601314e+02
7.107107107107107424e+01,2.960000000000000000e+02,3.191101699760154133e+02
7.117117117117118141e+01,2.960000000000000000e+02,3.191681486754750381e+02
7.127127127127127437e+01,2.960000000000000000e+02,3.190765926335361655e+02
7.137137137137138154e+01,2.960000000000000000e+02,3.191684195611586574e+02
7.147147147147147450e+01,2.960000000000000000e+02,3.189810363536782347e+02
7.157157157157158167e+01,2.960000000000000000e+02,3.191119979443831767e+02
7.167167167167167463e+01,2.960000000000000000e+02,3.191466208802059441e+02
7.177177177177178180e+01,2.960000000000000000e+02,3.191195031638617934e+02
7.187187187187187476e+01,2.960000000000000000e+02,3.189407285446725950e+02
7.197197197197198193e+01,2.960000000000000000e+02,3.189388339292443675e+02
7.207207207207207489e+01,2.960000000000000000e+02,3.189540063825066341e+02
7.217217217217218206e+01,2.960000000000000000e+02,3.187543043280691109e+02
7.227227227227227502e+01,2.960000000000000000e+02,3.189928388629155052e+02
7.237237237237238219e+01,2.960000000000000000e+02,3.190374387486203887e+02
7.247247247247247515e+01,2.960000000000000000e+02,3.191594697449912701e+02
7.257257257257258232e+01,2.960000000000000000e+02,3.191112329058795467e+02
7.267267267267267528e+01,2.960000000000000000e+02,3.191765596708376620e+02
7.277277277277278245e+01,2.960000000000000000e+02,3.191605977861452743e+02
7.287287287287287540e+01,2.960000000000000000e+02,3.191165678228670117e+02
7.297297297297298257e+01,2.960000000000000000e+02,3.191316421974149762e+02
7.307307307307307553e+01,2.960000000000000000e+02,3.191116848580577425e+02
7.317317317317318270e+01,2.960000000000000000e+02,3.189926863560051515e+02
7.327327327327327566e+01,2.960000000000000000e+02,3.186773972522293548e+02
7.337337337337338283e+01,2.960000000000000000e+02,3.187031304320531717e+02
7.347347347347347579e+01,2.960000000000000000e+02,3.186067848746292839e+02
7.357357357357358296e+01,2.960000000000000000e+02,3.187125174806237169e+02
7.367367367367367592e+01,2.960000000000000000e+02,3.188843954349672458e+02
7.377377377377378309e+01,2.960000000000000000e+02,3.188156144859782444e+02
7.387387387387387605e+01,2.960000000000000000e+02,3.188156735321032329e+02
7.397397397397398322e+01,2.960000000000000000e+02,3.188478624271646140e+02
7.407407407407407618e+01,2.960000000000000000e+02,3.189030544600382768e+02
7.417417417417418335e+01,2.960000000000000000e+02,3.188167172058016376e+02
7.427427427427427631e+01,2.960000000000000000e+02,3.188289537800577023e+02
7.437437437437438348e+01,2.960000000000000000e+02,3.190188926952778843e+02
7.447447447447447644e+01,2.960000000000000000e+02,3.190851518143692260e+02
7.457457457457458361e+01,2.960000000000000000e+02,3.189905486624909372e+02
7.467467467467467657e+01,2.960000000000000000e+02,3.188648314942782349e+02
7.477477477477478374e+01,2.960000000000000000e+02,3.189291682353096462e+02
7.487487487487487670e+01,2.960000000000000000e+02,3.189010372279265653e+02
7.497497497497498387e+01,2.960000000000000000e+02,3.189589378381361939e+02
7.507507507507507682e+01,2.990000000000000000e+02,3.195275848221773458e+02
7.517517517517518399e+01,2.990000000000000000e+02,3.199149267597211974e+02
7.527527527527527695e+01,2.990000000000000000e+02,3.203114930193388545e+02
7.537537537537538412e+01,2.990000000000000000e+02,3.208288688871367640e+02
7.547547547547547708e+01,2.990000000000000000e+02,3.210073075939578757e+02
7.557557557557558425e+01,2.990000000000000000e+02,3.213937801444380398e+02
7.567567567567567721e+01,2.990000000000000000e+02,3.216387569354046718e+02
7.577577577577578438e+01,2.990000000000000000e+02,3.218883118953966687e+02
7.587587587587587734e+01,2.990000000000000000e+02,3.219520737234983017e+02
7.597597597597598451e+01,2.990000000000000000e+02,3.220920417950061960e+02
7.607607607607607747e+01,2.990000000000000000e+02,3.223346550684458975e+02
7.617617617617618464e+01,2.990000000000000000e+02,3.226056431383699419e+02
7.627627627627627760e+01,2.990000000000000000e+02,3.224903449141485225e+02
7.637637637637638477e+01,2.990000000000000000e+02,3.224736365305596451e+02
7.647647647647647773e+01,2.990000000000000000e+02,3.224954748902863457e+02
7.657657657657658490e+01,2.990000000000000000e+02,3.225710309085569065e+02
7.667667667667667786e+01,2.990000000000000000e+02,3.225647385910248772e+02
7.677677677677678503e+01,2.990000000000000000e+02,3.226184609844195847e+02
7.687687687687687799e+01,2.990000000000000000e+02,3.228335359914958076e+02
7.697697697697698516e+01,2.990000000000000000e+02,3.228688305629963224e+02
7.707707707707707812e+01,2.990000000000000000e+02,3.229980922107627066e+02
7.717717717717718529e+01,2.990000000000000000e+02,3.230149234840853296e+02
7.727727727727727824e+01,2.990000000000000000e+02,3.231210866382430140e+02
7.737737737737738541e+01,2.990000000000000000e+02,3.231528708374972894e+02
7.747747747747747837e+01,2.990000000000000000e+02,3.231376162513512895e+02
7.757757757757758554e+01,2.990000000000000000e+02,3.233235783340781495e+02
7.767767767767767850e+01,2.990000000000000000e+02,3.233369179189457441e+02
7.777777777777778567e+01,2.990000000000000000e+02,3.232293328246084343e+02
7.787787787787787863e+01,2.990000000000000000e+02,3.232810967446413315e+02
7.797797797797798580e+01,2.990000000000000000e+02,3.233501404040390526e+02
7.807807807807807876e+01,2.990000000000000000e+02,3.231677878594834397e+02
7.817817817817818593e+01,2.990000000000000000e+02,3.229793843529838568e+02
7.827827827827827889e+01,2.990000000000000000e+02,3.231154590293239153e+02
7.837837837837838606e+01,2.990000000000000000e+02,3.229564797601466921e+02
7.847847847847847902e+01,2.990000000000000000e+02,3.229802794077784824e+02
7.857857857857858619e+01,2.990000000000000000e+02,3.228971025237193544e+02
7.867867867867867915e+01,2.990000000000000000e+02,3.227573335202593512e+02
7.877877877877878632e+01,2.990000000000000000e+02,3.228456925917647595e+02
7.887887887887887928e+01,2.990000000000000000e+02,3.228649616405660367e+02
7.897897897897898645e+01,2.990000000000000000e+02,3.227685956185058558e+02
7.907907907907907941e+01,2.990000000000000000e+02,3.228430591088318238e+02
7.917917917917918658e+01,2.990000000000000000e+02,3.228909615803838733e+02
7.927927927927927954e+01,2.990000000000000000e+02,3.227610398127999360e+02
7.937937937937938671e+01,2.990000000000000000e+02,3.228491691300483808e+02
7.947947947947947966e+01,2.990000000000000000e+02,3.229427745520009125e+02
7.957957957957958683e+01,2.990000000000000000e+02,3.229664758293592399e+02
7.967967967967967979e+01,2.990000000000000000e+02,3.230021994450033844e+02
7.977977977977978696e+01,2.990000000000000000e+02,3.230303216504421471e+02
7.987987987987987992e+01,2.990000000000000000e+02,3.229832468267958916e+02
7.997997997997998709e+01,2.990000000000000000e+02,3.231395055395441887e+02
8.008008008008008005e+01,2.990000000000000000e+02,3.229574735429017096e+02
8.018018018018018722e+01,2.990000000000000000e+02,3.228078221323356729e+02
8.028028028028028018e+01,2.990000000000000000e+02,3.229512952752110095e+02
8.038038038038038735e+01,2.990000000000000000e+02,3.229509431803806478e+02
8.048048048048048031e+01,2.990000000000000000e+02,3.228380369242237862e+02
8.058058058058058748e+01,2.990000000000000000e+02,3.229088537229159215e+02
8.068068068068068044e+01,2.990000000000000000e+02,3.226719786817556610e+02
8.078078078078078761e+01,2.990000000000000000e+02,3.226726874553785365e+02
8.088088088088088057e+01,2.990000000000000000e+02,3.227240541057302607e+02
8.098098098098098774e+01,2.990000000000000000e+02,3.228543053075672447e+02
8.108108108108108070e+01,2.990000000000000000e+02,3.228374722077394949e+02
8.118118118118118787e+01,2.990000000000000000e+02,3.226994717931293053e+02
8.128128128128128083e+01,2.990000000000000000e+02,3.226931351878419605e+02
8.138138138138138800e+01,2.990000000000000000e+02,3.226971388911291001e+02
8.148148148148148096e+01,2.990000000000000000e+02,3.226657115673129397e+02
8.158158158158158813e+01,2.990000000000000000e+02,3.225158383215522804e+02
8.168168168168168108e+01,2.990000000000000000e+02,3.225260315970209035e+02
8.178178178178178825e+01,2.990000000000000000e+02,3.225484081152333715e+02
8.188188188188188121e+01,2.990000000000000000e+02,3.227892446177345960e+02
8.198198198198198838e+01,2.990000000000000000e+02,3.227762009384853741e+02
8.208208208208208134e+01,2.990000000000000000e+02,3.229042285699275112e+02
8.218218218218218851e+01,2.990000000000000000e+02,3.228788818927023385e+02
8.228228228228228147e+01,2.990000000000000000e+02,3.229016188496469795e+02
8.238238238238238864e+01,2.990000000000000000e+02,3.228190747186732210e+02
8.248248248248248160e+01,2.990000000000000000e+02,3.227880869984584820e+02
8.258258258258258877e+01,2.990000000000000000e+02,3.229008994701833899e+02
8.268268268268268173e+01,2.990000000000000000e+02,3.228780762183534421e+02
8.278278278278278890e+01,2.990000000000000000e+02,3.228496423701678282e+02
8.288288288288288186e+01,2.990000000000000000e+02,3.230237990103451580e+02
8.298298298298298903e+01,2.990000000000000000e+02,3.230253975864167160e+02
8.308308308308308199e+01,2.990000000000000000e+02,3.230743644335086060e+02
8.318318318318318916e+01,2.990000000000000000e+02,3.230118005879003249e+02
8.328328328328328212e+01,2.990000000000000000e+02,3.231548173105491628e+02
8.338338338338338929e+01,2.990000000000000000e+02,3.229457827030738031e+02
8.348348348348348225e+01,2.990000000000000000e+02,3.229206702395197226e+02
8.358358358358358942e+01,2.990000000000000000e+02,3.230342841600803467e+02
8.368368368368368237e+01,2.990000000000000000e+02,3.229401045934313288e+02
8.378378378378378954e+01,2.990000000000000000e+02,3.229929515807174880e+02
8.388388388388388250e+01,2.990000000000000000e+02,3.229185479735928084e+02
8.398398398398398967e+01,2.990000000000000000e+02,3.230624936237559268e+02
8.408408408408408263e+01,2.990000000000000000e+02,3.231837763292706995e+02
8.418418418418418980e+01,2.990000000000000000e+02,3.232093193443203631e+02
8.428428428428428276e+01,2.990000000000000000e+02,3.230534642333482225e+02
8.438438438438438993e+01,2.990000000000000000e+02,3.231483562977628594e+02
8.448448448448448289e+01,2.990000000000000000e+02,3.232619976555462813e+02
8.458458458458459006e+01,2.990000000000000000e+02,3.232409249126483246e+02
8.468468468468468302e+01,2.990000000000000000e+02,3.232445790444234603e+02
8.478478478478479019e+01,2.990000000000000000e+02,3.231579833260869350e+02
8.488488488488488315e+01,2.990000000000000000e+02,3.231749806724179734e+02
8.498498498498499032e+01,2.990000000000000000e+02,3.229819000370954996e+02
8.508508508508508328e+01,2.990000000000000000e+02,3.229556289611259103e+02
8.518518518518519045e+01,2.990000000000000000e+02,3.228660801736702410e+02
8.528528528528528341e+01,2.990000000000000000e+02,3.228525071817514345e+02
8.538538538538539058e+01,2.990000000000000000e+02,3.228349480242954996e+02
8.548548548548549775e+01,2.990000000000000000e+02,3.227112423340391842e+02
8.558558558558559071e+01,2.990000000000000000e+02,3.227079489550251310e+02
8.568568568568569788e+01,2.990000000000000000e+02,3.226776646736396401e+02
8.578578578578579084e+01,2.990000000000000000e+02,3.226586918034897735e+02
8.588588588588589801e+01,2.990000000000000000e+02,3.228166519214365167e+02
8.598598598598599096e+01,2.990000000000000000e+02,3.229851505523485571e+02
8.608608608608609813e+01,2.990000000000000000e+02,3.230223344449437946e+02
8.618618618618619109e+01,2.990000000000000000e+02,3.230620321155498118e+02
8.628628628628629826e+01,2.990000000000000000e+02,3.229364106408751809e+02
8.638638638638639122e+01,2.990000000000000000e+02,3.229737951231320494e+02
8.648648648648649839e+01,2.990000000000000000e+02,3.229681921639829056e+02
8.658658658658659135e+01,2.990000000000000000e+02,3.231232313572365911e+02
8.668668668668669852e+01,2.990000000000000000e+02,3.231369012350644425e+02
8.678678678678679148e+01,2.990000000000000000e+02,3.232098132604455145e+02
8.688688688688689865e+01,2.990000000000000000e+02,3.232232513996412990e+02
8.698698698698699161e+01,2.990000000000000000e+02,3.230460355394620251e+02
8.708708708708709878e+01,2.990000000000000000e+02,3.230738375862230214e+02
8.718718718718719174e+01,2.990000000000000000e+02,3.231261513819271158e+02
8.728728728728729891e+01,2.990000000000000000e+02,3.230728257943989661e+02
8.738738738738739187e+01,2.990000000000000000e+02,3.232431387831942402e+02
8.748748748748749904e+01,2.990000000000000000e+02,3.233230313294606049e+02
8.758758758758759200e+01,2.990000000000000000e+02,3.233092514641486446e+02
8.768768768768769917e+01,2.990000000000000000e+02,3.231443991822235944e+02
8.778778778778779213e+01,2.990000000000000000e+02,3.230003615804777155e+02
8.788788788788789930e+01,2.990000000000000000e+02,3.228417127556581931e+02
8.798798798798799226e+01,2.990000000000000000e+02,3.227682089128488769e+02
8.808808808808809943e+01,2.990000000000000000e+02,3.228419891492604279e+02
8.818818818818819238e+01,2.990000000000000000e+02,3.228667839594373845e+02
8.828828828828829955e+01,2.990000000000000000e+02,3.227762669478475459e+02
8.838838838838839251e+01,2.990000000000000000e+02,3.229996113139799832e+02
8.848848848848849968e+01,2.990000000000000000e+02,3.229426070143249490e+02
8.858858858858859264e+01,2.990000000000000000e+02,3.229705949534052820e+02
8.868868868868869981e+01,2.990000000000000000e+02,3.229709995579158885e+02
8.878878878878879277e+01,2.990000000000000000e+02,3.230053437478949263e+02
8.888888888888889994e+01,2.990000000000000000e+02,3.230851367375914833e+02
8.898898898898899290e+01,2.990000000000000000e+02,3.230834608972981528e+02
8.908908908908910007e+01,2.990000000000000000e+02,3.231096256266320665e+02
8.918918918918919303e+01,2.990000000000000000e+02,3.230352241912268028e+02
8.928928928928930020e+01,2.990000000000000000e+02,3.229505691661195783e+02
8.938938938938939316e+01,2.990000000000000000e+02,3.228711845122683712e+02
8.948948948948950033e+01,2.990000000000000000e+02,3.229848038281605227e+02
8.958958958958959329e+01,2.990000000000000000e+02,3.231125017100847572e+02
8.968968968968970046e+01,2.990000000000000000e+02,3.230874500188991192e+02
8.978978978978979342e+01,2.990000000000000000e+02,3.229211402433677449e+02
8.988988988988990059e+01,2.990000000000000000e+02,3.228898522120450707e+02
8.998998998998999355e+01,2.990000000000000000e+02,3.229979242927694258e+02
9.009009009009010072e+01,2.990000000000000000e+02,3.230139070010895921e+02
9.019019019019019368e+01,2.990000000000000000e+02,3.229516020691337417e+02
9.029029029029030085e+01,2.990000000000000000e+02,3.229272487912414249e+02
9.039039039039039380e+01,2.990000000000000000e+02,3.229314322921558755e+02
9.049049049049050097e+01,2.990000000000000000e+02,3.230462749773291193e+02
9.059059059059059393e+01,2.990000000000000000e+02,3.230242906289213352e+02
9.069069069069070110e+01,2.990000000000000000e+02,3.230717050626809623e+02
9.079079079079079406e+01,2.990000000000000000e+02,3.230155061095880455e+02
9.089089089089090123e+01,2.990000000000000000e+02,3.230348434498410484e+02
9.099099099099099419e+01,2.990000000000000000e+02,3.229938265649600453e+02
9.109109109109110136e+01,2.990000000000000000e+02,3.230141407655166290e+02
9.119119119119119432e+01,2.990000000000000000e+02,3.231202601412581430e+02
9.129129129129130149e+01,2.990000000000000000e+02,3.231887212914880365e+02
9.139139139139139445e+01,2.990000000000000000e+02,3.232311205851651721e+02
9.149149149149150162e+01,2.990000000000000000e+02,3.232174903695020589e+02
9.159159159159159458e+01,2.990000000000000000e+02,3.233962176144291334e+02
9.169169169169170175e+01,2.990000000000000000e+02,3.231312085380333770e+02
9.179179179179179471e+01,2.990000000000000000e+02,3.231473527692899097e+02
9.189189189189190188e+01,2.990000000000000000e+02,3.231629826371354284e+02
9.199199199199199484e+01,2.990000000000000000e+02,3.231041007867545432e+02
9.209209209209210201e+01,2.990000000000000000e+02,3.230095099713102513e+02
9.219219219219219497e+01,2.990000000000000000e+02,3.230096467630693837e+02
9.229229229229230214e+01,2.990000000000000000e+02,3.230075454304216578e+02
9.239239239239239510e+01,2.990000000000000000e+02,3.228634049937244868e+02
9.249249249249250227e+01,2.990000000000000000e+02,3.224954033660262667e+02
9.259259259259259522e+01,2.990000000000000000e+02,3.226115366453403226e+02
9.269269269269270239e+01,2.990000000000000000e+02,3.227265966683789316e+02
9.279279279279279535e+01,2.990000000000000000e+02,3.226145482707643168e+02
9.289289289289290252e+01,2.990000000000000000e+02,3.225181279578999352e+02
9.299299299299299548e+01,2.990000000000000000e+02,3.225667305553416782e+02
9.309309309309310265e+01,2.990000000000000000e+02,3.226669645778390532e+02
9.319319319319319561e+01,2.990000000000000000e+02,3.225516493458142691e+02
9.329329329329330278e+01,2.990000000000000000e+02,3.225999053477788152e+02
9.339339339339339574e+01,2.990000000000000000e+02,3.228119651586847567e+02
9.349349349349350291e+01,2.990000000000000000e+02,3.228271834569239331e+02
9.359359359359359587e+01,2.990000000000000000e+02,3.227879419114856319e+02
9.369369369369370304e+01,2.990000000000000000e+02,3.229232948031303749e+02
9.379379379379379600e+01,2.990000000000000000e+02,3.228900481565086125e+02
9.389389389389390317e+01,2.990000000000000000e+02,3.226947308223564050e+02
9.399399399399399613e+01,2.990000000000000000e+02,3.228521662903345373e+02
9.409409409409410330e+01,2.990000000000000000e+02,3.230114545713121288e+02
9.419419419419419626e+01,2.990000000000000000e+02,3.231122713871647534e+02
9.429429429429430343e+01,2.990000000000000000e+02,3.229929193462483568e+02
9.439439439439439639e+01,2.990000000000000000e+02,3.230175690104114778e+02
9.449449449449450356e+01,2.990000000000000000e+02,3.229849572521549703e+02
9.459459459459459651e+01,2.990000000000000000e+02,3.228237786765336068e+02
9.469469469469470368e+01,2.990000000000000000e+02,3.227397459848065751e+02
9.479479479479479664e+01,2.990000000000000000e+02,3.226879775582903562e+02
9.489489489489490381e+01,2.990000000000000000e+02,3.226323045617893968e+02
9.499499499499499677e+01,2.990000000000000000e+02,3.225754210422607571e+02
9.509509509509510394e+01,2.990000000000000000e+02,3.225287747122109181e+02
9.519519519519519690e+01,2.990000000000000000e+02,3.225471340767845732e+02
9.529529529529530407e+01,2.990000000000000000e+02,3.225689476492283347e+02
9.539539539539539703e+01,2.990000000000000000e+02,3.226840947264240640e+02
9.549549549549550420e+01,2.990000000000000000e+02,3.225820927143161043e+02
9.559559559559559716e+01,2.990000000000000000e+02,3.226687303647817657e+02
9.569569569569570433e+01,2.990000000000000000e+02,3.227741886086805607e+02
9.579579579579579729e+01,2.990000000000000000e+02,3.227762723942643674e+02
9.589589589589590446e+01,2.990000000000000000e+02,3.228563303889383178e+02
9.599599599599599742e+01,2.990000000000000000e+02,3.228658190687028764e+02
9.609609609609610459e+01,2.990000000000000000e+02,3.230575559315973351e+02
9.619619619619619755e+01,2.990000000000000000e+02,3.229028544619953323e+02
9.629629629629630472e+01,2.990000000000000000e+02,3.228511828080984856e+02
9.639639639639639768e+01,2.990000000000000000e+02,3.229207263910946040e+02
9.649649649649650485e+01,2.990000000000000000e+02,3.227982761028103482e+02
9.659659659659659781e+01,2.990000000000000000e+02,3.228987964582375980e+02
9.669669669669670498e+01,2.990000000000000000e+02,3.230615895969589246e+02
9.679679679679679793e+01,2.990000000000000000e+02,3.229140892619431042e+02
9.689689689689690510e+01,2.990000000000000000e+02,3.229087321437233982e+02
9.699699699699699806e+01,2.990000000000000000e+02,3.229119058584957997e+02
9.709709709709710523e+01,2.990000000000000000e+02,3.228696041119634401e+02
9.719719719719719819e+01,2.990000000000000000e+02,3.228209394790965234e+02
9.729729729729730536e+01,2.990000000000000000e+02,3.227599312447033526e+02
9.739739739739739832e+01,2.990000000000000000e+02,3.229809823466170542e+02
9.749749749749750549e+01,2.990000000000000000e+02,3.229631979180593362e+02
9.759759759759759845e+01,2.990000000000000000e+02,3.230792868303530554e+02
9.769769769769770562e+01,2.990000000000000000e+02,3.230739765268858150e+02
9.779779779779779858e+01,2.990000000000000000e+02,3.230360497681774632e+02
9.789789789789790575e+01,2.990000000000000000e+02,3.228068901240019954e+02
9.799799799799799871e+01,2.990000000000000000e+02,3.227552478584831874e+02
9.809809809809810588e+01,2.990000000000000000e+02,3.227661143398251511e+02
9.819819819819819884e+01,2.990000000000000000e+02,3.226832654398355089e+02
9.829829829829830601e+01,2.990000000000000000e+02,3.226375060821076204e+02
9.839839839839839897e+01,2.990000000000000000e+02,3.226633110148338801e+02
9.849849849849850614e+01,2.990000000000000000e+02,3.227272553308034730e+02
9.859859859859859910e+01,2.990000000000000000e+02,3.228827055746880319e+02
9.869869869869870627e+01,2.990000000000000000e+02,3.228995998107388345e+02
9.879879879879879923e+01,2.990000000000000000e+02,3.229204733971128576e+02
9.889889889889890640e+01,2.990000000000000000e+02,3.228293663747384699e+02
9.899899899899899935e+01,2.990000000000000000e+02,3.228398797381428835e+02
9.909909909909910652e+01,2.990000000000000000e+02,3.228444715412817345e+02
9.919919919919919948e+01,2.990000000000000000e+02,3.228863786061850760e+02
9.929929929929930665e+01,2.990000000000000000e+02,3.229435055894696234e+02
9.939939939939939961e+01,2.990000000000000000e+02,3.229880579773347904e+02
9.949949949949950678e+01,2.990000000000000000e+02,3.229614427146568687e+02
9.959959959959959974e+01,2.990000000000000000e+02,3.229258460086358014e+02
9.969969969969970691e+01,2.990000000000000000e+02,3.230717718580311839e+02
9.979979979979979987e+01,2.990000000000000000e+02,3.231106152474061446e+02
9.989989989989990704e+01,2.990000000000000000e+02,3.229564466059177903e+02
1.000000000000000000e+02,2.990000000000000000e+02,3.229631573538166549e+02
