0.000000000000000000e+00,3.000000000000000000e+02,3.244754434315989897e+02
5.000000000000000278e-02,2.500000000000000000e+02,3.194040559780939361e+02
1.000000000000000056e-01,2.500000000000000000e+02,3.147341076001228544e+02
1.500000000000000222e-01,2.500000000000000000e+02,3.105293715759122506e+02
2.000000000000000111e-01,2.500000000000000000e+02,3.067979939996999406e+02
2.500000000000000000e-01,2.500000000000000000e+02,3.035179195411577098e+02
3.000000000000000444e-01,2.598880388839849616e+02,3.016191383858694621e+02
3.500000000000000333e-01,2.741487610143809661e+02,3.013589210018236599e+02
4.000000000000000222e-01,2.738041235126348170e+02,3.010998929806365823e+02
4.500000000000000111e-01,2.739722394267044479e+02,3.008919575285012797e+02
5.000000000000000000e-01,2.740889663583149058e+02,3.007234484718180738e+02
5.500000000000000444e-01,2.741823194564676101e+02,3.005869316737382633e+02
6.000000000000000888e-01,2.742562639613951205e+02,3.004763170306695201e+02
6.500000000000000222e-01,2.743146672549979144e+02,3.003866798059865459e+02
7.000000000000000666e-01,2.743605924834543544e+02,3.003140337252881977e+02
7.500000000000000000e-01,2.743964964289238537e+02,3.002551502431833228e+02
8.000000000000000444e-01,2.744243664351259326e+02,3.002074158066465657e+02
8.500000000000000888e-01,2.744457950529365462e+02,3.001687137917904238e+02
9.000000000000000222e-01,2.744620655522219295e+02,3.001373298729524777e+02
9.500000000000000666e-01,2.744742123824785267e+02,3.001118754509105315e+02
1.000000000000000000e+00,2.744830696872749058e+02,3.000912256964541598e+02
1.050000000000000044e+00,2.744893101231504602e+02,3.000744693899859499e+02
1.100000000000000089e+00,2.744934761676067296e+02,3.000608683669668721e+02
1.150000000000000133e+00,2.744960047193526407e+02,3.000498246023039428e+02
1.200000000000000178e+00,2.744972477089680183e+02,3.000408535905614826e+02
1.250000000000000000e+00,2.744974883934469290e+02,3.000335627952687219e+02
1.300000000000000044e+00,2.744969544136085347e+02,3.000276341829117541e+02
1.350000000000000089e+00,2.744958284460907407e+02,3.000228100753243439e+02
1.400000000000000133e+00,2.744942568167024888e+02,3.000188816891985653e+02
1.450000000000000178e+00,2.744923564715829798e+02,3.000156798520902157e+02
1.500000000000000000e+00,2.744902206208682287e+02,3.000130674814393501e+02
1.550000000000000044e+00,2.744879233084974999e+02,3.000109334917498245e+02
1.600000000000000089e+00,2.744855231127851880e+02,3.000091878587180645e+02
1.650000000000000133e+00,2.744830661430049190e+02,3.000077576206120966e+02
1.700000000000000178e+00,2.744805884657663455e+02,3.000065836389517244e+02
1.750000000000000000e+00,2.744781180692193630e+02,3.000056179743102689e+02
1.800000000000000044e+00,2.744756764527975292e+02,3.000048217604474416e+02
1.850000000000000089e+00,2.744732799134220045e+02,3.000041634821526486e+02
1.900000000000000133e+00,2.744709405856779085e+02,3.000036175801387799e+02
1.950000000000000178e+00,2.744686672826147742e+02,3.000031633208827202e+02
2.000000000000000000e+00,2.744664661749703782e+02,3.000027838811014931e+02
2.050000000000000266e+00,2.744643413394439335e+02,3.000024656060989514e+02
2.100000000000000089e+00,2.744622952009137293e+02,3.000021974093868948e+02
2.149999999999999911e+00,2.744603288839647348e+02,3.000019702852944761e+02
2.200000000000000178e+00,2.744584425064832658e+02,3.000017769145538864e+02
2.250000000000000000e+00,2.744566354121298559e+02,3.000016113453553430e+02
2.300000000000000266e+00,2.744549063507677715e+02,3.000014687345537823e+02
2.350000000000000089e+00,2.744532536266751777e+02,3.000013451380201559e+02
2.400000000000000355e+00,2.744516752168216271e+02,3.000012373407918176e+02
2.450000000000000178e+00,2.744501688650396432e+02,3.000011427194566522e+02
2.500000000000000000e+00,2.744487321567794993e+02,3.000010591306486845e+02
2.550000000000000266e+00,2.744473625781889723e+02,3.000009848206956917e+02
2.600000000000000089e+00,2.744460575625490151e+02,3.000009183524006744e+02
2.650000000000000355e+00,2.744448145265272956e+02,3.000008585456974970e+02
2.700000000000000178e+00,2.744436308982997161e+02,3.000008044295538525e+02
2.750000000000000000e+00,2.744425041390558704e+02,3.000007552029778140e+02
2.800000000000000266e+00,2.744414317592786006e+02,3.000007102034024911e+02
2.850000000000000089e+00,2.744404113308135038e+02,3.000006688810473179e+02
2.900000000000000355e+00,2.744394404955864957e+02,3.000006307781216037e+02
2.950000000000000178e+00,2.744385169716537121e+02,3.000005955119493706e+02
3.000000000000000000e+00,2.744376385571603123e+02,3.000005627612751482e+02
3.050000000000000266e+00,2.744368031326132495e+02,3.000005322551434688e+02
3.100000000000000089e+00,2.744360086618716537e+02,3.000005037638652539e+02
3.150000000000000355e+00,2.744352531921309719e+02,3.000004770916783059e+02
3.200000000000000178e+00,2.744345348531026616e+02,3.000004520707755660e+02
3.250000000000000000e+00,2.744338518556373856e+02,3.000004282889505021e+02
3.300000000000000266e+00,2.744332055009735996e+02,3.000004061954875283e+02
3.350000000000000089e+00,2.744325882263925678e+02,3.000003853564825818e+02
3.400000000000000355e+00,2.744320015024028407e+02,3.000003656890123125e+02
3.450000000000000178e+00,2.744314437260075010e+02,3.000003471080320310e+02
3.500000000000000000e+00,2.744309134857536492e+02,3.000003295382502984e+02
3.550000000000000266e+00,2.744304094323551908e+02,3.000003129121818120e+02
3.600000000000000089e+00,2.744299302808898915e+02,3.000002971690005893e+02
3.650000000000000355e+00,2.744294748079252031e+02,3.000002822535780069e+02
3.700000000000000178e+00,2.744290418488818659e+02,3.000002681156899484e+02
3.750000000000000000e+00,2.744286302954392909e+02,3.000002547093594671e+02
3.800000000000000266e+00,2.744282390930179076e+02,3.000002419923121693e+02
3.850000000000000089e+00,2.744278672383225626e+02,3.000002299255207276e+02
3.900000000000000355e+00,2.744275137769830621e+02,3.000002184728249972e+02
3.950000000000000178e+00,2.744271778012654863e+02,3.000002076006120433e+02
4.000000000000000000e+00,2.744268584478760999e+02,3.000001972775452259e+02
4.049999999999999822e+00,2.744265548958613294e+02,3.000001874743358030e+02
4.100000000000000533e+00,2.744262663645756106e+02,3.000001781635465932e+02
4.150000000000000355e+00,2.744259921117511567e+02,3.000001693194243444e+02
4.200000000000000178e+00,2.744257314316408838e+02,3.000001609177530781e+02
4.250000000000000000e+00,2.744254836532648483e+02,3.000001529357296590e+02
4.299999999999999822e+00,2.744252481387022158e+02,3.000001453518519270e+02
4.350000000000000533e+00,2.744250242814940748e+02,3.000001381458217224e+02
4.400000000000000355e+00,2.744248115051045716e+02,3.000001312984591095e+02
4.450000000000000178e+00,2.744246092614519625e+02,3.000001247916247848e+02
4.500000000000000000e+00,2.744244170295210097e+02,3.000001186081519222e+02
4.549999999999999822e+00,2.744242343140261937e+02,3.000001127317828491e+02
4.600000000000000533e+00,2.744240606441582599e+02,3.000001071471136243e+02
4.650000000000000355e+00,2.744238955723697586e+02,3.000001018395418555e+02
4.700000000000000178e+00,2.744237386732363007e+02,3.000000967952196902e+02
4.750000000000000000e+00,2.744235895423648230e+02,3.000000920010106142e+02
4.800000000000000711e+00,2.744234477953547184e+02,3.000000874444489227e+02
4.850000000000000533e+00,2.744233130668153535e+02,3.000000831137030559e+02
4.900000000000000355e+00,2.744231850094225820e+02,3.000000789975402995e+02
4.950000000000000178e+00,2.744230632930340903e+02,3.000000750852950659e+02
5.000000000000000000e+00,2.744229476038352118e+02,3.000000713668391086e+02
5.050000000000000711e+00,3.500000000000000000e+02,3.074031801395490788e+02
5.100000000000000533e+00,3.500000000000000000e+02,3.139627550835440957e+02
5.150000000000000355e+00,2.860994330448755818e+02,3.135193338445350264e+02
5.200000000000000178e+00,2.931880607019879790e+02,3.138249269234812573e+02
5.250000000000000000e+00,2.927419434801396960e+02,3.140588542695468277e+02
5.300000000000000711e+00,2.924846466230255828e+02,3.142467802450220233e+02
5.350000000000000533e+00,2.922721812805347668e+02,3.143974972130063179e+02
5.400000000000000355e+00,2.920985874245698710e+02,3.145183119028188230e+02
5.450000000000000178e+00,2.919568505783406067e+02,3.146151120131972334e+02
5.500000000000000000e+00,2.918411559432086051e+02,3.146926390271336800e+02
5.550000000000000711e+00,2.917466866283079980e+02,3.147547070430312033e+02
5.600000000000000533e+00,2.916694779370712922e+02,3.148043813136329732e+02
5.650000000000000355e+00,2.916062827435025611e+02,3.148441233359185958e+02
5.700000000000000178e+00,2.915544523955786076e+02,3.148759084944634310e+02
5.750000000000000000e+00,2.915118332100527141e+02,3.149013212117496892e+02
5.800000000000000711e+00,2.914766782944989814e+02,3.149216317565185363e+02
5.850000000000000533e+00,2.914475734490673062e+02,3.149378581658884286e+02
5.900000000000000355e+00,2.914233753346012463e+02,3.149508160713217535e+02
5.950000000000000178e+00,2.914031605993732796e+02,3.149611587670873973e+02
6.000000000000000000e+00,2.913861840969303785e+02,3.149694094045419206e+02
6.050000000000000711e+00,2.913718447243450100e+02,3.149759868375892324e+02
6.100000000000000533e+00,2.913596576316418805e+02,3.149812263592039017e+02
6.150000000000000355e+00,2.913492316824567752e+02,3.149853963309308824e+02
6.200000000000000178e+00,2.913402512177696053e+02,3.149887115135455247e+02
6.250000000000000000e+00,2.913324613294715277e+02,3.149913437498311168e+02
6.300000000000000711e+00,2.913256559862638255e+02,3.149934305231564622e+02
6.350000000000000533e+00,2.913196684708688053e+02,3.149950818127354637e+02
6.400000000000000355e+00,2.913143636858616787e+02,3.149963855835663367e+02
6.450000000000000178e+00,2.913096319674301071e+02,3.149974121823042310e+02
6.500000000000000000e+00,2.913053841142642568e+02,3.149982178566496032e+02
6.550000000000000711e+00,2.913015473944798259e+02,3.149988468911720929e+02
6.600000000000000533e+00,2.912980700107342500e+02,3.149993366507060273e+02
6.650000000000000355e+00,2.912948885176507474e+02,3.149997150923543927e+02
6.700000000000000178e+00,2.912919698192775968e+02,3.150000051687418363e+02
6.750000000000000000e+00,2.912892806254631068e+02,3.150002252014857049e+02
6.800000000000000711e+00,2.912867933665708620e+02,3.150003898162912037e+02
6.850000000000000533e+00,2.912844850311172991e+02,3.150005106831543458e+02
6.900000000000000355e+00,2.912823363065234048e+02,3.150005971087119860e+02
6.950000000000000178e+00,2.912803308875406287e+02,3.150006565101615479e+02
7.000000000000000000e+00,2.912784549201014670e+02,3.150006947944086164e+02
7.050000000000000711e+00,2.912766965537439319e+02,3.150007166613734739e+02
7.100000000000000533e+00,2.912750455811341226e+02,3.150007258466112603e+02
7.150000000000000355e+00,2.912734931474424229e+02,3.150007253153727902e+02
7.200000000000000178e+00,2.912720315157692426e+02,3.150007174178134619e+02
7.250000000000000000e+00,2.912706538775314016e+02,3.150007040131151825e+02
7.300000000000000711e+00,2.912693541989582968e+02,3.150006865687366826e+02
7.350000000000000533e+00,2.912681270965911153e+02,3.150006662397690320e+02
7.400000000000000355e+00,2.912669677360511287e+02,3.150006439323713039e+02
7.450000000000000178e+00,2.912658717495593237e+02,3.150006203544744494e+02
7.500000000000000000e+00,2.912648351685089665e+02,3.150005960562988321e+02
7.550000000000000711e+00,2.912638543681821943e+02,3.150005714627266684e+02
7.600000000000000533e+00,2.912629260222277026e+02,3.150005468991566886e+02
7.650000000000000355e+00,2.912620470650521725e+02,3.150005226121486999e+02
7.700000000000000178e+00,2.912612146605820840e+02,3.150004987859022663e+02
7.750000000000000000e+00,2.912604261761779298e+02,3.150004755554023177e+02
7.800000000000000711e+00,2.912596791607481350e+02,3.150004530169006784e+02
7.850000000000000533e+00,2.912589713262716486e+02,3.150004312362699466e+02
7.900000000000000355e+00,2.912583005320782377e+02,3.150004102556537759e+02
7.950000000000000178e+00,2.912576647714134310e+02,3.150003900987584302e+02
8.000000000000000000e+00,2.912570621598526941e+02,3.150003707750577178e+02
8.050000000000000711e+00,2.912564909252471352e+02,3.150003522831302689e+02
8.099999999999999645e+00,2.912559493989346606e+02,3.150003346133025275e+02
8.150000000000000355e+00,2.912554360080181937e+02,3.150003177497422939e+02
8.200000000000001066e+00,2.912549492684847792e+02,3.150003016721072981e+02
8.250000000000000000e+00,2.912544877791010549e+02,3.150002863568442990e+02
8.300000000000000711e+00,2.912540502159087055e+02,3.150002717782081163e+02
8.349999999999999645e+00,2.912536353272461156e+02,3.150002579090555628e+02
8.400000000000000355e+00,2.912532419292431882e+02,3.150002447214645827e+02
8.450000000000001066e+00,2.912528689016791077e+02,3.150002321873848814e+02
8.500000000000000000e+00,2.912525151822328553e+02,3.150002202797035693e+02
8.550000000000000711e+00,2.912521797547473739e+02,3.150002089704314585e+02
8.599999999999999645e+00,2.912518616677498926e+02,3.150001982319687386e+02
8.650000000000000355e+00,2.912515600219770135e+02,3.150001880374819052e+02
8.700000000000001066e+00,2.912512739653440121e+02,3.150001783609944823e+02
8.750000000000000000e+00,2.912510026903747757e+02,3.150001691774474466e+02
8.800000000000000711e+00,2.912507454317883457e+02,3.150001604627375968e+02
8.849999999999999645e+00,2.912505014642120500e+02,3.150001521937357438e+02
8.900000000000000355e+00,2.912502701000443039e+02,3.150001443482905188e+02
8.950000000000001066e+00,2.912500506874422399e+02,3.150001369052208702e+02
9.000000000000000000e+00,2.912498426084291054e+02,3.150001298443010000e+02
9.050000000000000711e+00,2.912496452771019335e+02,3.150001231462394458e+02
9.099999999999999645e+00,2.912494581379355054e+02,3.150001167926517951e+02
9.150000000000000355e+00,2.912492806642003984e+02,3.150001107660318667e+02
9.200000000000001066e+00,2.912491123564532245e+02,3.150001050497219239e+02
9.250000000000000000e+00,2.912489527410964456e+02,3.150000996278778302e+02
9.300000000000000711e+00,2.912488013690550588e+02,3.150000944854378986e+02
9.349999999999999645e+00,2.912486578144819873e+02,3.150000896080893540e+02
9.400000000000000355e+00,2.912485216735537392e+02,3.150000849822359896e+02
9.450000000000001066e+00,2.912483925633200670e+02,3.150000805949637197e+02
9.500000000000000000e+00,2.912482701206432694e+02,3.150000764340120440e+02
9.550000000000000711e+00,2.912481540011396532e+02,3.150000724877401126e+02
9.600000000000001421e+00,2.912480438782403667e+02,3.150000687451003500e+02
9.650000000000000355e+00,2.912479394422354062e+02,3.150000651956076467e+02
9.700000000000001066e+00,2.912478403994206246e+02,3.150000618293113348e+02
9.750000000000000000e+00,2.912477464712762298e+02,3.150000586367710298e+02
9.800000000000000711e+00,2.912476573936579030e+02,3.150000556090290047e+02
9.850000000000001421e+00,2.912475729160760238e+02,3.150000527375881347e+02
9.900000000000000355e+00,2.912474928009681889e+02,3.150000500143864883e+02
9.950000000000001066e+00,2.912474168230536975e+02,3.150000474317773183e+02
1.000000000000000000e+01,2.912473447686791133e+02,3.150000449825059832e+02
1.005000000000000071e+01,3.500000000000000000e+02,3.209141584411219696e+02
1.010000000000000142e+01,3.500000000000000000e+02,3.265485021972839377e+02
1.015000000000000036e+01,3.300997163925665063e+02,3.300999205966296017e+02
1.020000000000000107e+01,2.971017118199546303e+02,3.302653085854964843e+02
1.025000000000000000e+01,2.950379822762954518e+02,3.302086332597373826e+02
1.030000000000000071e+01,2.951395149338850956e+02,3.301506143356138523e+02
1.035000000000000142e+01,2.953707654481295890e+02,3.301059105725058203e+02
1.040000000000000036e+01,2.955694435258276371e+02,3.300724458561743972e+02
1.045000000000000107e+01,2.957319967028143992e+02,3.300475394836061582e+02
1.050000000000000000e+01,2.958658758537109748e+02,3.300290840438075293e+02
1.055000000000000071e+01,2.959774987626853431e+02,3.300154864927181961e+02
1.060000000000000142e+01,2.960717542594640577e+02,3.300055458068213170e+02
1.065000000000000036e+01,2.961523394024177378e+02,3.299983557542037715e+02
1.070000000000000107e+01,2.962220613019165398e+02,3.299932319275847590e+02
1.075000000000000000e+01,2.962830624279770291e+02,3.299896571392146143e+02
1.080000000000000071e+01,2.963369867608899426e+02,3.299872404495582714e+02
1.085000000000000142e+01,2.963851028802968131e+02,3.299856863479374738e+02
1.090000000000000036e+01,2.964283956194707343e+02,3.299847715223326645e+02
1.095000000000000107e+01,2.964676346065016332e+02,3.299843273211339465e+02
1.100000000000000000e+01,2.965034257036638223e+02,3.299842262629088054e+02
1.105000000000000071e+01,2.965362523412330802e+02,3.299843730407170028e+02
1.110000000000000142e+01,2.965664935345560025e+02,3.299846951889922479e+02
1.115000000000000036e+01,2.965944638881030073e+02,3.299851385955125807e+02
1.120000000000000107e+01,2.966204179314905787e+02,3.299856628173300805e+02
1.125000000000000000e+01,2.966445657367289073e+02,3.299862377445991228e+02
1.130000000000000071e+01,2.966670828336572754e+02,3.299868410859579626e+02
1.135000000000000142e+01,2.966881176230372148e+02,3.299874564613878078e+02
1.140000000000000036e+01,2.967077970359336518e+02,3.299880719547734316e+02
1.145000000000000107e+01,2.967262308745524706e+02,3.299886795629692529e+02
1.150000000000000000e+01,2.967435089881479939e+02,3.299892721015345955e+02
1.155000000000000071e+01,2.967597281919937018e+02,3.299898460438984102e+02
1.160000000000000142e+01,2.967749586528377677e+02,3.299903987293209298e+02
1.165000000000000036e+01,2.967892679216434999e+02,3.299909285117977333e+02
1.170000000000000107e+01,2.968027175067937833e+02,3.299914345234888629e+02
1.175000000000000000e+01,2.968153634853366611e+02,3.299919164691676201e+02
1.180000000000000071e+01,2.968272572433866117e+02,3.299923744689280056e+02
1.185000000000000142e+01,2.968384460889107004e+02,3.299928089394334734e+02
1.190000000000000036e+01,2.968489737487075786e+02,3.299932205045843716e+02
1.195000000000000107e+01,2.968588807743400366e+02,3.299936099285301339e+02
1.200000000000000000e+01,2.968682048771677842e+02,3.299939780656418407e+02
1.205000000000000071e+01,2.968769812079095232e+02,3.299943258233444112e+02
1.210000000000000142e+01,2.968852425926017986e+02,3.299946541346903928e+02
1.215000000000000036e+01,2.968930197340524160e+02,3.299949639383083309e+02
1.220000000000000107e+01,2.969003413857350893e+02,3.299952561639178157e+02
1.225000000000000000e+01,2.969072345035656895e+02,3.299955317220455413e+02
1.230000000000000071e+01,2.969137243796770349e+02,3.299957914968972545e+02
1.235000000000000142e+01,2.969198347614628801e+02,3.299960363415970050e+02
1.240000000000000036e+01,2.969255879583868136e+02,3.299962670751909286e+02
1.245000000000000107e+01,2.969310049385539969e+02,3.299964844809611009e+02
1.250000000000000000e+01,2.969361054165947849e+02,3.299966893057039101e+02
1.255000000000000071e+01,2.969409079341002098e+02,3.299968822597116400e+02
1.260000000000000142e+01,2.969454299336005647e+02,3.299970640172604703e+02
1.265000000000000036e+01,2.969496878268813589e+02,3.299972352174535786e+02
1.270000000000000107e+01,2.969536970583145603e+02,3.299973964653117378e+02
1.275000000000000000e+01,2.969574721637001176e+02,3.299975483330245538e+02
1.280000000000000071e+01,2.969610268250930289e+02,3.299976913612999283e+02
1.285000000000000142e+01,2.969643739219958434e+02,3.299978260607669540e+02
1.290000000000000036e+01,2.969675255792205348e+02,3.299979529133981941e+02
1.295000000000000107e+01,2.969704932116959526e+02,3.299980723739247424e+02
1.300000000000000000e+01,2.969732875664804510e+02,3.299981848712292845e+02
1.305000000000000071e+01,2.969759187621613705e+02,3.299982908097010750e+02
1.310000000000000142e+01,2.969783963258663562e+02,3.299983905705487928e+02
1.315000000000000036e+01,2.969807292280092383e+02,3.299984845130620670e+02
1.320000000000000107e+01,2.969829259149587415e+02,3.299985729754401973e+02
1.325000000000000000e+01,2.969849943440292463e+02,3.299986562758329569e+02
1.330000000000000071e+01,2.969869420144079299e+02,3.299987347151658241e+02
1.335000000000000142e+01,2.969887759758911443e+02,3.299988085769844020e+02
1.340000000000000036e+01,2.969905028654619628e+02,3.299988781283108210e+02
1.345000000000000107e+01,2.969921289327912177e+02,3.299989436205962079e+02
1.350000000000000000e+01,2.969936600629251870e+02,3.299990052906301230e+02
1.355000000000000071e+01,2.969951017975317882e+02,3.299990633613948035e+02
1.360000000000000142e+01,2.969964593549296410e+02,3.299991180428712028e+02
1.365000000000000036e+01,2.969977376489323433e+02,3.299991695327966568e+02
1.370000000000000107e+01,2.969989413066070938e+02,3.299992180173782117e+02
1.375000000000000000e+01,2.970000746850013229e+02,3.299992636719663324e+02
1.380000000000000071e+01,2.970011418868722330e+02,3.299993066616850683e+02
1.385000000000000142e+01,2.970021467755445883e+02,3.299993471420300466e+02
1.390000000000000036e+01,2.970030929888565083e+02,3.299993852594286636e+02
1.395000000000000107e+01,2.970039839523216756e+02,3.299994211517688427e+02
1.400000000000000000e+01,2.970048228915126174e+02,3.299994549488955045e+02
1.405000000000000071e+01,2.970056128437384473e+02,3.299994867730810029e+02
1.410000000000000142e+01,2.970063566690118364e+02,3.299995167394650935e+02
1.415000000000000036e+01,2.970070570604076465e+02,3.299995449564725618e+02
1.420000000000000107e+01,2.970077165537832116e+02,3.299995715262010663e+02
1.425000000000000000e+01,2.970083375369903251e+02,3.299995965447938033e+02
1.430000000000000071e+01,2.970089222584729782e+02,3.299996201027842631e+02
1.435000000000000142e+01,2.970094728354261520e+02,3.299996422854243292e+02
1.440000000000000036e+01,2.970099912614449522e+02,3.299996631729910632e+02
1.445000000000000107e+01,2.970104794137503745e+02,3.299996828410783678e+02
1.450000000000000000e+01,2.970109390599650965e+02,3.299997013608683574e+02
1.455000000000000071e+01,2.970113718645275185e+02,3.299997187993909620e+02
1.460000000000000142e+01,2.970117793946899951e+02,3.299997352197628402e+02
1.465000000000000036e+01,2.970121631262248343e+02,3.299997506814187886e+02
1.470000000000000107e+01,2.970125244487320515e+02,3.299997652403245638e+02
1.475000000000000000e+01,2.970128646706878612e+02,3.299997789491787330e+02
1.480000000000000071e+01,2.970131850241869529e+02,3.299997918576067377e+02
1.485000000000000142e+01,2.970134866693638287e+02,3.299998040123350052e+02
1.490000000000000036e+01,2.970137706986467379e+02,3.299998154573651732e+02
1.495000000000000107e+01,2.970140381406580445e+02,3.299998262341285340e+02
1.500000000000000000e+01,2.970142899639851066e+02,3.299998363816396250e+02
1.505000000000000071e+01,3.500000000000000000e+02,3.357536250826066180e+02
1.510000000000000142e+01,3.500000000000000000e+02,3.424477358512044702e+02
1.515000000000000036e+01,3.257423565742693086e+02,3.485098459787212164e+02
1.520000000000000107e+01,2.626644542986987858e+02,3.495119435842108260e+02
1.525000000000000000e+01,2.500000000000000000e+02,3.491132196624871540e+02
1.530000000000000071e+01,2.500000000000000000e+02,3.481046536373945059e+02
1.535000000000000142e+01,2.601288538270382560e+02,3.475779346598156963e+02
1.540000000000000036e+01,2.597804940221985248e+02,3.465282000995787257e+02
1.545000000000000107e+01,2.663844709368344752e+02,3.456786131631944272e+02
1.550000000000000000e+01,2.728579680917131327e+02,3.451807521176090177e+02
1.555000000000000071e+01,2.770900535643588114e+02,3.449398345069568563e+02
1.560000000000000142e+01,2.794364847562153500e+02,3.448404338992855855e+02
1.565000000000000036e+01,2.806770424362214840e+02,3.448084037593632729e+02
1.570000000000000107e+01,2.813602226906330657e+02,3.448053775858291488e+02
1.575000000000000000e+01,2.817816812735007943e+02,3.448135884296719951e+02
1.580000000000000071e+01,2.820827685998079914e+02,3.448254193533621788e+02
1.585000000000000142e+01,2.823265045838271021e+02,3.448378423311793313e+02
1.590000000000000036e+01,2.825396547766872004e+02,3.448497730226182512e+02
1.595000000000000107e+01,2.827332280115240337e+02,3.448608971537111074e+02
1.600000000000000000e+01,2.829117572957517268e+02,3.448711796843801380e+02
1.605000000000000071e+01,2.830772678686781205e+02,3.448806722491775645e+02
1.610000000000000142e+01,2.832308801615179163e+02,3.448894439110732719e+02
1.615000000000000213e+01,2.833734140202632261e+02,3.448975597332810139e+02
1.619999999999999929e+01,2.835055946737907675e+02,3.449050767758803318e+02
1.625000000000000000e+01,2.836281058852897559e+02,3.449120431958941708e+02
1.630000000000000071e+01,2.837416162640598145e+02,3.449185018256874287e+02
1.635000000000000142e+01,2.838467569864777715e+02,3.449244907009947383e+02
1.640000000000000213e+01,2.839441266183198991e+02,3.449300442017535602e+02
1.644999999999999929e+01,2.840342879713792854e+02,3.449351937822386276e+02
1.650000000000000000e+01,2.841177672764449085e+02,3.449399684398190402e+02
1.655000000000000071e+01,2.841950548222043835e+02,3.449443950269067045e+02
1.660000000000000142e+01,2.842666064114762321e+02,3.449484984713856761e+02
1.665000000000000213e+01,2.843328452168922240e+02,3.449523019597320967e+02
1.669999999999999929e+01,2.843941636108620514e+02,3.449558270710376178e+02
1.675000000000000000e+01,2.844509251779391548e+02,3.449590938402470783e+02
1.680000000000000071e+01,2.845034672530028956e+02,3.449621208940316706e+02
1.685000000000000142e+01,2.845521025139547078e+02,3.449649255554040792e+02
1.690000000000000213e+01,2.845971206515449126e+02,3.449675239326290921e+02
1.694999999999999929e+01,2.846387900044538242e+02,3.449699309999539310e+02
1.700000000000000000e+01,2.846773591066834115e+02,3.449721606728638790e+02
1.705000000000000071e+01,2.847130581333441341e+02,3.449742258788275535e+02
1.710000000000000142e+01,2.847461002450509682e+02,3.449761386238996010e+02
1.715000000000000213e+01,2.847766828359086162e+02,3.449779100625269734e+02
1.719999999999999929e+01,2.848049886107694419e+02,3.449795505560974220e+02
1.725000000000000000e+01,2.848311866480716503e+02,3.449810696924274112e+02
1.730000000000000071e+01,2.848554337839833011e+02,3.449824698532002571e+02
1.735000000000000142e+01,2.848779485849195794e+02,3.449837737674965297e+02
1.740000000000000213e+01,2.848987157603438618e+02,3.449849824685058479e+02
1.744999999999999929e+01,2.849179182838230986e+02,3.449861012885932041e+02
1.750000000000000000e+01,2.849356886460337819e+02,3.449871365664257610e+02
1.755000000000000071e+01,2.849521372284957579e+02,3.449880945558097665e+02
1.760000000000000142e+01,2.849673625516236939e+02,3.449889811107238984e+02
1.765000000000000213e+01,2.849814549917450677e+02,3.449898016296502306e+02
1.769999999999999929e+01,2.849944982161651410e+02,3.449905610775556397e+02
1.775000000000000000e+01,2.850065698567148047e+02,3.449912590204732510e+02
1.780000000000000071e+01,2.850177982797358140e+02,3.449919093366137872e+02
1.785000000000000142e+01,2.850281516233777666e+02,3.449925123706367458e+02
1.790000000000000213e+01,2.850377223060111191e+02,3.449930706542248799e+02
1.794999999999999929e+01,2.850465774308074174e+02,3.449935872697503783e+02
1.800000000000000000e+01,2.850547727831915381e+02,3.449940652943022315e+02
1.805000000000000071e+01,2.850623579757158836e+02,3.449945076295325634e+02
1.810000000000000142e+01,2.850693783740845788e+02,3.449949169639462525e+02
1.815000000000000213e+01,2.850758758763633409e+02,3.449952957773179492e+02
1.819999999999999929e+01,2.850818892942278922e+02,3.449956463562540989e+02
1.825000000000000000e+01,2.850874545998276517e+02,3.449959708110280303e+02
1.830000000000000071e+01,2.850926051268533570e+02,3.449962710909908878e+02
1.835000000000000142e+01,2.850973717535969172e+02,3.449965489981681230e+02
1.840000000000000213e+01,2.851017830752749660e+02,3.449968061992484536e+02
1.844999999999999929e+01,2.851058655669575046e+02,3.449970442362586596e+02
1.850000000000000000e+01,2.851096437370476337e+02,3.449972645361829109e+02
1.855000000000000071e+01,2.851131402710591942e+02,3.449974684197056831e+02
1.860000000000000142e+01,2.851163761658101521e+02,3.449976571092143445e+02
1.865000000000000213e+01,2.851193708542712670e+02,3.449978317361545237e+02
1.869999999999999929e+01,2.851221423215204709e+02,3.449979933478064140e+02
1.875000000000000000e+01,2.851247072123428552e+02,3.449981429135488611e+02
1.880000000000000071e+01,2.851270809308952039e+02,3.449982813306513663e+02
1.885000000000000142e+01,2.851292777330195349e+02,3.449984094296223702e+02
1.890000000000000213e+01,2.851313108118396258e+02,3.449985279791711150e+02
1.894999999999999929e+01,2.851331923768942147e+02,3.449986376908003081e+02
1.900000000000000000e+01,2.851349337273929905e+02,3.449987392230460159e+02
1.905000000000000071e+01,2.851365453201574951e+02,3.449988331854233934e+02
1.910000000000000142e+01,2.851380368323012817e+02,3.449989201506747349e+02
1.915000000000000213e+01,2.851394171224755496e+02,3.449990006498870230e+02
1.920000000000000284e+01,2.851406943601810440e+02,3.449990751619827165e+02
1.925000000000000000e+01,2.851418762282897319e+02,3.449991441283045788e+02
1.930000000000000071e+01,2.851429698643428878e+02,3.449992079582492579e+02
1.935000000000000142e+01,2.851439818731201399e+02,3.449992670319882677e+02
1.940000000000000213e+01,2.851449183606034694e+02,3.449993217023986745e+02
1.945000000000000284e+01,2.851457849713355017e+02,3.449993722967361123e+02
1.950000000000000000e+01,2.851465869247745673e+02,3.449994191183149610e+02
1.955000000000000071e+01,2.851473290481865206e+02,3.449994624480942207e+02
1.960000000000000142e+01,2.851480158072009772e+02,3.449995025462521312e+02
1.965000000000000213e+01,2.851486513332872050e+02,3.449995396536670000e+02
1.970000000000000284e+01,2.851492394491028790e+02,3.449995739933107757e+02
1.975000000000000000e+01,2.851497836918298958e+02,3.449996057715533198e+02
1.980000000000000071e+01,2.851502873346984757e+02,3.449996351794191014e+02
1.985000000000000142e+01,2.851507534064094216e+02,3.449996623936718265e+02
1.990000000000000213e+01,2.851511847099521333e+02,3.449996875779212360e+02
1.995000000000000284e+01,2.851515838389801729e+02,3.449997108835700033e+02
2.000000000000000000e+01,2.851519531937489660e+02,3.449997324507462508e+02
2.005000000000000071e+01,3.500000000000000000e+02,3.531271519159780041e+02
2.010000000000000142e+01,3.500000000000000000e+02,3.680686980795499608e+02
2.015000000000000213e+01,2.500000000000000000e+02,4.226322506445213776e+02
2.020000000000000284e+01,2.500000000000000000e+02,4.936771333511238140e+02
2.025000000000000000e+01,2.500000000000000000e+02,4.748623917998482398e+02
2.030000000000000071e+01,2.500000000000000000e+02,4.586058861929115551e+02
2.035000000000000142e+01,2.500000000000000000e+02,4.444645739361534424e+02
2.040000000000000213e+01,2.500000000000000000e+02,4.320356013594433193e+02
2.045000000000000284e+01,2.500000000000000000e+02,4.209500445786281944e+02
2.050000000000000000e+01,2.500000000000000000e+02,4.108675146588771554e+02
2.055000000000000071e+01,2.500000000000000000e+02,4.014726046310285028e+02
2.060000000000000142e+01,2.500000000000000000e+02,3.924779476624083827e+02
2.065000000000000213e+01,2.500000000000000000e+02,3.836421467950137298e+02
2.070000000000000284e+01,2.500000000000000000e+02,3.748072836493782916e+02
2.075000000000000000e+01,2.500000000000000000e+02,3.659424221327734017e+02
2.080000000000000071e+01,2.500000000000000000e+02,3.571559878940186081e+02
2.085000000000000142e+01,3.171630280267129933e+02,3.557669231438745214e+02
2.090000000000000213e+01,3.385494907141529097e+02,3.571855629415629210e+02
2.095000000000000284e+01,3.311394990115686028e+02,3.584920858555601626e+02
2.100000000000000000e+01,3.221231644094179387e+02,3.595020479491892615e+02
2.105000000000000071e+01,3.138033805961044322e+02,3.602165329239123253e+02
2.110000000000000142e+01,3.067675742809017834e+02,3.606685288323978966e+02
2.115000000000000213e+01,3.012418483008776775e+02,3.609079854677538037e+02
2.120000000000000284e+01,2.971946753735933271e+02,3.609929126989261476e+02
2.125000000000000000e+01,2.944028046033800479e+02,3.609791248030993529e+02
2.130000000000000071e+01,2.925504079300325202e+02,3.609120669573137548e+02
2.135000000000000142e+01,2.913255249122951795e+02,3.608233489885325866e+02
2.140000000000000213e+01,2.904800463218742834e+02,3.607317047892006485e+02
2.145000000000000284e+01,2.898468885606315553e+02,3.606463132663097326e+02
2.150000000000000000e+01,2.893286455023717281e+02,3.605704438466410693e+02
2.155000000000000071e+01,2.888758722250214532e+02,3.605043121270470579e+02
2.160000000000000142e+01,2.884668888200367292e+02,3.604468892068479704e+02
2.165000000000000213e+01,2.880935881970164019e+02,3.603968564890810740e+02
2.170000000000000284e+01,2.877532046101624701e+02,3.603530112425171978e+02
2.175000000000000000e+01,2.874443341778023182e+02,3.603143793654833758e+02
2.180000000000000071e+01,2.871654312790750510e+02,3.602802016774996900e+02
2.185000000000000142e+01,2.869145005895821328e+02,3.602498829704966283e+02
2.190000000000000213e+01,2.866892360327836400e+02,3.602229432048521289e+02
2.195000000000000284e+01,2.864872386030502298e+02,3.601989818120176778e+02
2.200000000000000000e+01,2.863061853320640466e+02,3.601776551605642567e+02
2.205000000000000071e+01,2.861439222582353068e+02,3.601586624071579195e+02
2.210000000000000142e+01,2.859985085728922627e+02,3.601417405028097960e+02
2.215000000000000213e+01,2.858681863180782443e+02,3.601266562423714959e+02
2.220000000000000284e+01,2.857513934642001914e+02,3.601132037689075673e+02
2.225000000000000000e+01,2.856467316599889159e+02,3.601012013068541364e+02
2.230000000000000071e+01,2.855529477096467303e+02,3.600904882760326018e+02
2.235000000000000142e+01,2.854689173682111232e+02,3.600809226149465871e+02
2.240000000000000213e+01,2.853936326163765216e+02,3.600723786220585794e+02
2.245000000000000284e+01,2.853261885167637502e+02,3.600647450703111758e+02
2.250000000000000000e+01,2.852657713591888751e+02,3.600579232791023401e+02
2.255000000000000071e+01,2.852116510971604839e+02,3.600518255984692928e+02
2.260000000000000142e+01,2.851631730426648801e+02,3.600463741049600799e+02
2.265000000000000213e+01,2.851197502429553765e+02,3.600414994698157898e+02
2.270000000000000284e+01,2.850808565545765987e+02,3.600371399704692976e+02
2.275000000000000000e+01,2.850460203925972564e+02,3.600332406236959173e+02
2.280000000000000071e+01,2.850148191091440140e+02,3.600297524235240871e+02
2.285000000000000142e+01,2.849868739454090587e+02,3.600266316701227538e+02
2.290000000000000213e+01,2.849618455004663247e+02,3.600238393780146566e+02
2.295000000000000284e+01,2.849394296640953144e+02,3.600213407535985084e+02
2.300000000000000000e+01,2.849193539659785301e+02,3.600191047332978656e+02
2.305000000000000071e+01,2.849013742988653348e+02,3.600171035748089139e+02
2.310000000000000142e+01,2.848852719778572578e+02,3.600153181337636283e+02
2.315000000000000213e+01,2.848707876280384426e+02,3.600137132639582092e+02
2.320000000000000284e+01,2.848578807084329014e+02,3.600122749855814277e+02
2.325000000000000000e+01,2.848463434808453485e+02,3.600109879303204252e+02
2.330000000000000071e+01,2.848360121030192431e+02,3.600098367154207608e+02
2.335000000000000142e+01,2.848267539689244359e+02,3.600088068952160256e+02
2.340000000000000213e+01,2.848184570270234985e+02,3.600078853953981479e+02
2.345000000000000284e+01,2.848110229971615581e+02,3.600070605863089099e+02
2.350000000000000000e+01,2.848043637727662940e+02,3.600063221746048043e+02
2.355000000000000071e+01,2.847983997193447294e+02,3.600056647775398915e+02
2.360000000000000142e+01,2.847930167384786273e+02,3.600050730478791934e+02
2.365000000000000213e+01,2.847882237809893127e+02,3.600045420396139093e+02
2.370000000000000284e+01,2.847839437468939536e+02,3.600040664133130122e+02
2.375000000000000000e+01,2.847801139652713687e+02,3.600036407499747497e+02
2.380000000000000071e+01,2.847766834568513445e+02,3.600032598670041466e+02
2.385000000000000142e+01,2.847736095380869301e+02,3.600029190046518011e+02
2.390000000000000213e+01,2.847708552444998986e+02,3.600026138892775407e+02
2.395000000000000284e+01,2.847683877635861904e+02,3.600023407202585872e+02
2.400000000000000000e+01,2.847661775993055926e+02,3.600020961234085348e+02
2.405000000000000071e+01,2.847641981400146278e+02,3.600018770973948108e+02
2.410000000000000142e+01,2.847624253993956813e+02,3.600016809651731364e+02
2.415000000000000213e+01,2.847608378092527346e+02,3.600015053336173878e+02
2.420000000000000284e+01,2.847594160182509313e+02,3.600013480605580298e+02
2.425000000000000000e+01,2.847581426888871192e+02,3.600012072273683543e+02
2.430000000000000071e+01,2.847570022986570279e+02,3.600010811154589305e+02
2.435000000000000142e+01,2.847559809526585468e+02,3.600009681855780173e+02
2.440000000000000213e+01,2.847550662121360574e+02,3.600008670592953308e+02
2.445000000000000284e+01,2.847542469403005612e+02,3.600007765017375618e+02
2.450000000000000000e+01,2.847535131714984118e+02,3.600006953910730658e+02
2.455000000000000071e+01,2.847528561644460297e+02,3.600006227339008547e+02
2.460000000000000142e+01,2.847522680004403242e+02,3.600005576540261814e+02
2.465000000000000213e+01,2.847517414500292716e+02,3.600004993682782128e+02
2.470000000000000284e+01,2.847512700082381798e+02,3.600004471725912936e+02
2.475000000000000000e+01,2.847508478631586399e+02,3.600004004334068100e+02
2.480000000000000071e+01,2.847504698327888946e+02,3.600003585813105360e+02
2.485000000000000142e+01,2.847501312940945581e+02,3.600003211053684709e+02
2.490000000000000213e+01,2.847498281170722976e+02,3.600002875477158000e+02
2.495000000000000284e+01,2.847495566074163094e+02,3.600002574983458317e+02
2.500000000000000000e+01,2.847493134578749050e+02,3.600002305902412445e+02
2.505000000000000071e+01,3.500000000000000000e+02,3.686224718896068566e+02
2.510000000000000142e+01,3.500000000000000000e+02,3.856798150499785720e+02
2.515000000000000213e+01,2.500000000000000000e+02,4.160194139233520900e+02
2.520000000000000284e+01,2.500000000000000000e+02,4.260716594141746896e+02
2.525000000000000000e+01,2.500000000000000000e+02,4.139771186440165138e+02
2.530000000000000071e+01,2.500000000000000000e+02,4.025570161952212516e+02
2.535000000000000142e+01,2.500000000000000000e+02,3.917910823688995379e+02
2.540000000000000213e+01,2.500000000000000000e+02,3.814350370290603678e+02
2.545000000000000284e+01,2.500000000000000000e+02,3.713708503175904525e+02
2.550000000000000000e+01,3.256033709971009102e+02,3.698204997563772167e+02
2.555000000000000071e+01,3.500000000000000000e+02,3.718085896291092354e+02
2.560000000000000142e+01,3.280138289244566181e+02,3.724617663874362279e+02
2.565000000000000213e+01,3.271141273831332796e+02,3.737813653446183366e+02
2.570000000000000284e+01,3.173921374979315715e+02,3.747419764468773451e+02
2.575000000000000000e+01,3.090429721498558706e+02,3.752132652059869997e+02
2.580000000000000071e+01,3.042595956989005686e+02,3.753287990529968852e+02
2.585000000000000142e+01,3.025278764985586122e+02,3.752780295319794277e+02
2.590000000000000213e+01,3.024345568823561052e+02,3.751947079736039541e+02
2.595000000000000284e+01,3.028103131317218413e+02,3.751338325568970049e+02
2.600000000000000000e+01,3.031018738419207921e+02,3.751008956121539768e+02
2.605000000000000071e+01,3.032020298165076611e+02,3.750847823711827118e+02
2.610000000000000142e+01,3.031794052666256221e+02,3.750751939538221222e+02
2.615000000000000213e+01,3.031159136162382879e+02,3.750669472736033754e+02
2.620000000000000284e+01,3.030567057598381098e+02,3.750586836860149447e+02
2.625000000000000000e+01,3.030143624382782264e+02,3.750506627546009781e+02
2.630000000000000071e+01,3.029859960488798833e+02,3.750433771003578158e+02
2.635000000000000142e+01,3.029655707482089610e+02,3.750370663229631987e+02
2.640000000000000213e+01,3.029489027926576910e+02,3.750317166229114605e+02
2.645000000000000284e+01,3.029341763834798940e+02,3.750271940400588733e+02
2.650000000000000000e+01,3.029209562169695005e+02,3.750233482923555925e+02
2.655000000000000071e+01,3.029092615757932094e+02,3.750200605794703961e+02
2.660000000000000142e+01,3.028990612271941245e+02,3.750172292255840603e+02
2.665000000000000213e+01,3.028903713816512777e+02,3.750147935007744309e+02
2.670000000000000284e+01,3.028829529218559742e+02,3.750127009556103985e+02
2.675000000000000000e+01,3.028765963124924383e+02,3.750109047086561986e+02
2.680000000000000071e+01,3.028711353909830564e+02,3.750093647795703760e+02
2.685000000000000142e+01,3.028664211033014340e+02,3.750080411368404043e+02
2.690000000000000213e+01,3.028623858089125065e+02,3.750069043354753830e+02
2.695000000000000284e+01,3.028589236405905467e+02,3.750059284210086048e+02
2.700000000000000000e+01,3.028559489756067364e+02,3.750050906862502984e+02
2.705000000000000071e+01,3.028533921162536444e+02,3.750043714919199260e+02
2.710000000000000142e+01,3.028511947431368299e+02,3.750037539827569049e+02
2.715000000000000213e+01,3.028493069076865254e+02,3.750032237336155845e+02
2.720000000000000284e+01,3.028476853868093599e+02,3.750027683950753499e+02
2.725000000000000000e+01,3.028462927585690636e+02,3.750023773800449476e+02
2.730000000000000071e+01,3.028450967329665104e+02,3.750020416016182594e+02
2.735000000000000142e+01,3.028440695394691602e+02,3.750017532560616473e+02
2.740000000000000213e+01,3.028431873365533420e+02,3.750015056409818612e+02
2.745000000000000284e+01,3.028424296640185958e+02,3.750012930003506426e+02
2.750000000000000000e+01,3.028417789606413635e+02,3.750011103799357102e+02
2.755000000000000071e+01,3.028412202780377243e+02,3.750009535381182104e+02
2.760000000000000142e+01,3.028407406633744472e+02,3.750008188451042201e+02
2.765000000000000213e+01,3.028403288530443547e+02,3.750007031808294187e+02
2.770000000000000284e+01,3.028399751848389201e+02,3.750006038602541025e+02
2.775000000000000000e+01,3.028396714082302879e+02,3.750005185741002833e+02
2.780000000000000071e+01,3.028394104718770450e+02,3.750004453382159681e+02
2.785000000000000142e+01,3.028391863338432017e+02,3.750003824489393764e+02
2.790000000000000213e+01,3.028389938066604259e+02,3.750003284438062110e+02
2.795000000000000284e+01,3.028388284324967117e+02,3.750002820673543056e+02
2.800000000000000000e+01,3.028386863803933693e+02,3.750002422416963554e+02
2.805000000000000071e+01,3.028385643589698475e+02,3.750002080412987766e+02
2.810000000000000142e+01,3.028384595412832141e+02,3.750001786714108789e+02
2.815000000000000213e+01,3.028383694995918631e+02,3.750001534495754640e+02
2.820000000000000284e+01,3.028382921490485842e+02,3.750001317897636568e+02
2.825000000000000000e+01,3.028382256992377393e+02,3.750001131887580073e+02
2.830000000000000071e+01,3.028381686124831731e+02,3.750000972144457023e+02
2.835000000000000142e+01,3.028381195681872100e+02,3.750000834957787106e+02
2.840000000000000213e+01,3.028380774320758633e+02,3.750000717141356290e+02
2.845000000000000284e+01,3.028380412299661089e+02,3.750000615882913166e+02
2.850000000000000000e+01,3.028380102109526320e+02,3.750000528944758571e+02
2.855000000000000071e+01,3.028379835460007143e+02,3.750000454358084880e+02
2.860000000000000142e+01,3.028379605558438925e+02,3.750000390343702179e+02
2.865000000000000213e+01,3.028379407458511423e+02,3.750000335370264111e+02
2.870000000000000284e+01,3.028379237021449626e+02,3.750000288141944793e+02
2.875000000000000000e+01,3.028379090553610240e+02,3.750000247561321771e+02
2.880000000000000071e+01,3.028378964748082467e+02,3.750000212692670516e+02
2.885000000000000142e+01,3.028378856696708112e+02,3.750000182733531346e+02
2.890000000000000213e+01,3.028378763883197280e+02,3.750000156993859832e+02
2.895000000000000284e+01,3.028378684148372031e+02,3.750000134879923053e+02
2.900000000000000000e+01,3.028378615644141405e+02,3.750000115881045417e+02
2.905000000000000071e+01,3.028378556787961315e+02,3.750000099558415059e+02
2.910000000000000142e+01,3.028378506220904001e+02,3.750000085534974801e+02
2.915000000000000213e+01,3.028378462776142328e+02,3.750000073486819474e+02
2.920000000000000284e+01,3.028378425450925988e+02,3.750000063135706796e+02
2.925000000000000000e+01,3.028378393383411549e+02,3.750000054242589727e+02
2.930000000000000071e+01,3.028378365833139583e+02,3.750000046602129942e+02
2.935000000000000142e+01,3.028378342163543948e+02,3.750000040037903659e+02
2.940000000000000213e+01,3.028378321827760260e+02,3.750000034398271964e+02
2.945000000000000284e+01,3.028378304356648982e+02,3.750000029553012268e+02
2.950000000000000000e+01,3.028378289346599672e+02,3.750000025390237965e+02
2.955000000000000071e+01,3.028378276450903286e+02,3.750000021813827402e+02
2.960000000000000142e+01,3.028378265371620159e+02,3.750000018741178565e+02
2.965000000000000213e+01,3.028378255852975371e+02,3.750000016101320739e+02
2.970000000000000284e+01,3.028378247675283887e+02,3.750000013833338812e+02
2.975000000000000000e+01,3.028378240649164468e+02,3.750000011884784499e+02
2.980000000000000071e+01,3.028378234613097106e+02,3.750000010210715686e+02
2.985000000000000142e+01,3.028378229427113411e+02,3.750000008772457818e+02
2.990000000000000213e+01,3.028378224971564805e+02,3.750000007536773410e+02
2.995000000000000284e+01,3.028378221143797191e+02,3.750000006521539717e+02
3.000000000000000000e+01,3.028378217332985400e+02,3.750000005560332283e+02
